205.624126 299.776259 221.875396 299.759530 2.515439 0.125000 9.422623 
124.326709 250.381862 144.342512 250.029501 3.991439 0.125000 10.582482 
124.390618 296.457783 111.861383 295.988775 2.778802 0.125000 0.516938 
230.621718 277.280751 263.129702 277.543676 3.931852 0.125000 13.038155 
195.608825 249.979599 219.406532 249.383194 2.405264 0.125000 11.637429 
196.861748 314.614674 220.624055 314.302992 2.630940 0.125000 3.559040 
196.868260 231.960008 240.624027 231.706879 2.680738 0.125000 19.129161 
259.374125 237.138764 285.627983 237.225851 1.332920 0.125000 0.566526 
134.220947 254.568633 121.802757 256.379618 3.014983 0.125000 0.566526 
111.787869 277.310145 133.174588 278.415957 3.486814 0.125000 15.985934 
231.869006 249.934310 255.628065 249.728105 1.445223 0.125000 3.102719 
263.126691 306.839820 251.842678 306.297446 3.240701 0.125000 0.042463 
136.833340 238.130996 149.402434 238.547901 2.456500 0.125000 5.395459 
251.965459 272.944130 241.721506 273.810874 4.771426 0.125000 0.252989 
240.667817 273.770331 228.142110 272.883370 2.228877 0.125000 0.880009 
238.122096 237.113127 258.134365 237.357216 1.478582 0.062500 0.534074 
238.068814 259.658647 265.658495 260.215527 4.998982 0.125000 22.778498 
269.390387 240.899810 248.125958 240.564291 2.696895 0.125000 4.152116 
188.105181 260.845053 208.121823 260.459882 4.085988 0.125000 6.997661 
224.373252 221.628685 270.629793 221.300442 1.569286 0.125000 21.026805 
264.350014 224.082888 244.363613 223.561543 1.771097 0.125000 8.317048 
201.913220 253.602219 188.151380 254.704382 2.691603 0.125000 2.254846 
345.617036 277.596725 365.628393 277.817556 2.651574 0.125000 0.252989 
149.347541 221.490008 176.819858 222.362084 3.371256 0.125000 17.330821 
311.865132 231.361093 340.628529 230.808772 2.667528 0.125000 7.485373 
244.373809 231.272739 265.626198 231.230699 3.147247 0.062500 5.110536 
208.118294 237.726488 236.860157 237.242867 1.733513 0.125000 15.921543 
198.915193 65.693655 207.291094 76.554095 4.043348 0.125000 1.592290 
209.362201 259.713197 231.971735 260.568826 4.807340 0.125000 0.936437 
274.121470 70.815573 277.526648 53.010566 6.319824 0.125000 0.691963 
240.628536 314.610894 250.645023 314.460745 2.612133 0.125000 0.880009 
244.374074 234.354779 225.663317 235.211672 2.611755 0.125000 2.073754 
156.866747 213.486255 176.876629 213.300441 1.389232 0.125000 0.880009 
241.649358 109.482558 302.767418 237.699605 3.712413 0.125000 165.473934 
208.199683 276.944319 228.198733 278.209343 2.731744 0.125000 2.563783 
146.808744 249.705620 158.346872 252.017846 5.396200 0.125000 1.776884 
256.858446 243.774315 276.877690 243.222606 3.817448 0.125000 3.799113 
360.641945 293.923623 346.871622 294.215800 2.685052 0.125000 2.238872 
278.099646 259.836743 296.998575 260.874477 3.949961 0.125000 3.084155 
206.850952 243.778779 234.378845 243.420210 2.564911 0.125000 14.317745 
146.869953 232.501137 170.618398 232.309008 2.681941 0.125000 16.207497 
108.109721 288.602733 145.635911 288.319213 3.900994 0.125000 11.347317 
235.611026 226.304739 255.629636 225.814181 1.647713 0.062500 1.546488 
215.111530 142.898687 143.346676 305.722704 4.363723 0.125000 190.000909 
219.355768 288.023778 246.867986 287.632188 3.838569 0.125000 7.923349 
210.303731 76.149908 218.542693 81.192549 3.639630 0.125000 2.238872 
256.868273 108.168627 245.503011 106.416119 2.890700 0.125000 1.409353 
171.880049 229.438029 160.602287 230.341466 1.844899 0.125000 0.880009 
221.562299 312.544693 235.551946 314.823485 4.332061 0.125000 1.891830 
175.623729 300.188494 195.627587 300.219757 2.499997 0.125000 0.542819 
220.626746 205.687860 244.358432 205.028589 1.700772 0.125000 5.876843 
276.849758 287.728202 303.093592 287.325933 2.844548 0.125000 1.776884 
300.652389 208.644738 316.879563 209.253345 1.670761 0.125000 0.516938 
318.125607 237.093756 336.875462 237.041754 2.534659 0.125000 1.281119 
218.961102 122.851925 226.981588 110.695323 3.151732 0.125000 2.870277 
302.694847 238.342866 342.355218 316.647989 6.820927 0.125000 141.148609 
344.480558 269.272655 361.971561 270.637921 6.911960 0.125000 15.921125 
248.888655 114.750794 259.884469 128.981338 3.192207 0.125000 5.280648 
212.021684 156.936578 222.442482 132.113228 3.158714 0.125000 3.392572 
158.138849 218.365170 178.144407 217.211550 1.895582 0.062500 1.078101 
291.016871 205.431274 264.011554 150.804674 2.266370 0.125000 37.535230 
260.187817 142.713313 248.317669 119.277414 2.346114 0.125000 13.348706 
321.870220 249.514710 340.683729 250.158350 2.386412 0.125000 1.527306 
189.315286 287.109828 200.777684 290.024558 2.692394 0.125000 3.225198 
372.539612 173.047599 359.035107 166.305844 3.358622 0.125000 1.789029 
180.283509 231.002354 211.006801 157.033583 3.267723 0.125000 64.864729 
161.878424 209.033758 178.126788 209.196794 1.400439 0.062500 0.963967 
269.134005 120.076639 251.944550 114.172509 2.145475 0.125000 0.853449 
308.996108 137.772885 299.612149 133.813013 4.120661 0.031250 0.079499 
405.505475 187.751804 395.687914 186.413481 4.447668 0.125000 0.255505 
196.908999 113.673563 205.698936 114.099614 3.806119 0.125000 0.566526 
203.119643 208.912586 223.127220 209.048686 1.360508 0.125000 0.880009 
266.685086 180.695547 257.871439 156.969190 4.352765 0.125000 15.039832 
39.633509 186.102322 28.317675 192.230764 3.388871 0.125000 0.492668 
160.475735 281.063267 180.137703 231.680979 4.677410 0.125000 59.943798 
344.579996 308.612076 332.900314 286.337379 2.848473 0.125000 11.310306 
134.375039 270.613605 153.124816 270.678248 1.262921 0.125000 0.880009 
308.246195 239.313752 291.354090 205.888250 3.442667 0.125000 16.323080 
147.451694 315.849163 153.337299 300.707521 2.136627 0.125000 7.201639 
156.873479 228.104113 173.128292 226.920199 2.154726 0.062500 0.491485 
468.058904 225.783465 480.482951 230.965561 2.116062 0.125000 1.462175 
143.410324 306.314596 139.043275 316.037446 4.445094 0.125000 10.064594 
153.532615 135.444682 138.354907 141.228332 4.116558 0.125000 2.509838 
208.035668 117.684410 194.585171 120.411574 3.923607 0.125000 0.542819 
153.288014 300.206055 160.549981 281.364312 4.568251 0.125000 1.755225 
184.829490 227.046955 180.066256 239.636535 1.769333 0.125000 0.880009 
106.868138 293.680817 136.877562 293.384170 2.623436 0.125000 5.782260 
168.214516 269.409464 150.286275 315.975844 2.426420 0.125000 49.452605 
