371.923686 57.902926 361.859326 55.696497 3.813278 0.125000 4.273380 
386.651231 76.570545 373.176826 56.839607 6.470591 0.125000 21.061286 
232.037821 19.897519 176.935117 37.067926 3.675037 0.125000 64.881692 
126.296573 43.116426 126.926430 0.625762 2.777634 0.125000 36.594374 
398.744372 124.532937 386.812652 76.890615 6.375041 0.125000 86.882998 
119.393342 43.116369 99.167450 0.134457 3.393097 0.125000 47.002829 
209.376525 230.320346 179.371020 230.170151 1.368865 0.125000 4.273380 
351.889764 308.588686 315.605616 307.907428 2.968868 0.125000 39.136916 
387.391900 99.264274 394.432214 132.130508 4.103614 0.125000 48.627841 
172.289420 34.610581 194.459002 28.426124 3.472606 0.125000 24.191676 
548.123482 17.888414 494.383714 18.233196 2.692417 0.125000 39.293771 
316.925847 128.933042 288.558956 86.166276 6.993749 0.125000 62.906477 
103.487874 -0.105012 122.853910 42.681930 4.123453 0.125000 60.482363 
578.154604 307.935403 533.145977 308.512106 3.733677 0.125000 25.337932 
132.113917 0.636930 130.112171 40.724229 5.367822 0.125000 58.644464 
640.380701 26.161106 606.773941 10.846770 2.994862 0.125000 33.192599 
375.653473 135.714048 325.591615 134.486270 4.814613 0.125000 54.969226 
401.013011 153.085411 398.058306 124.126726 5.253203 0.125000 40.797634 
488.152103 388.397594 455.538533 387.493240 4.824837 0.125000 41.611366 
594.378419 17.741144 550.624167 17.913881 1.417775 0.125000 15.976707 
573.927793 -1.136322 641.138772 29.497788 3.830129 0.125000 80.177405 
533.498052 308.347041 549.861180 314.285313 4.273649 0.125000 7.434339 
178.111919 214.284511 151.888813 214.540413 2.756033 0.125000 10.037439 
599.484857 7.052418 583.319370 0.168558 4.429682 0.125000 5.393752 
311.879146 286.527555 276.869215 286.109769 3.675155 0.125000 14.921902 
444.371162 359.486828 398.047026 357.897034 3.667983 0.125000 30.414183 
81.973789 0.624829 81.976170 19.374987 2.500794 0.062500 4.240127 
296.029863 91.662094 305.528859 78.057871 4.700041 0.125000 6.435679 
494.366972 21.145208 611.866505 19.852709 3.324801 0.125000 117.530980 
388.128830 15.165765 346.873744 15.365579 1.437665 0.125000 13.305069 
502.904777 294.065645 516.495160 297.247419 6.085447 0.125000 7.311543 
5.822763 261.908480 4.548786 221.869470 2.737253 0.125000 32.346550 
480.616383 401.703523 523.123657 402.043136 2.809504 0.125000 66.652060 
388.176089 126.996221 366.856611 126.031297 3.746165 0.125000 4.360963 
305.584193 79.176735 320.468218 76.113268 3.673007 0.125000 11.119929 
453.642834 270.747085 502.437775 293.149197 4.136455 0.125000 49.862657 
150.623448 199.214643 125.637888 199.456484 2.741852 0.125000 12.941990 
244.221346 268.393451 393.449618 353.807858 4.382532 0.125000 214.949647 
258.120944 274.759215 291.880377 275.115576 3.499102 0.125000 34.478874 
581.753515 330.964995 604.082547 338.943476 4.287855 0.125000 16.999738 
604.367532 339.390042 640.917658 357.535504 4.494350 0.125000 37.268944 
87.408665 316.898871 87.032807 305.619741 2.581875 0.125000 1.781168 
97.220938 330.648945 96.095182 288.145655 2.863183 0.125000 26.726523 
294.357136 295.450101 329.389004 296.032193 2.977301 0.125000 50.248416 
240.629641 247.703784 209.369663 247.359384 1.511569 0.125000 20.052629 
273.129506 266.289546 240.621811 266.039326 2.663488 0.125000 21.293158 
396.923772 333.104086 353.046512 331.420280 3.459638 0.125000 28.066198 
16.184871 269.395003 15.097807 231.890281 2.752460 0.125000 21.341090 
421.869679 255.592928 450.630052 255.718578 2.614658 0.125000 42.763257 
24.625317 275.654458 23.519099 238.113387 2.572551 0.125000 34.478874 
325.336438 132.301545 319.030968 128.035823 3.502078 0.125000 2.124207 
340.777358 54.456802 327.845223 52.770173 5.335086 0.125000 7.434339 
399.589372 246.360526 421.246075 255.384474 4.038338 0.125000 17.137331 
104.097089 188.612969 204.332534 245.699564 4.179265 0.125000 118.477294 
124.374885 185.384038 100.625487 185.395374 2.506562 0.125000 13.719437 
473.132939 266.476847 444.369451 265.903309 2.773621 0.125000 15.423952 
548.013289 313.341639 580.815212 330.256125 4.583104 0.125000 29.194449 
223.113303 255.407107 255.637459 255.775721 2.825658 0.125000 46.233036 
465.622403 274.742057 494.379807 274.945502 2.641424 0.125000 27.410727 
124.103899 355.608703 132.605133 362.180505 2.609109 0.125000 0.020404 
519.378133 286.739217 489.365270 286.046655 1.711055 0.125000 14.587903 
204.921623 245.929961 229.613758 260.212218 4.094557 0.125000 23.331411 
0.342797 129.872307 46.185902 155.886562 3.701524 0.125000 47.267224 
195.217683 28.004700 226.661882 18.658026 3.271398 0.125000 22.952409 
392.247804 133.897102 376.737060 135.664303 5.360813 0.125000 2.830590 
393.511726 129.037223 397.427411 148.010997 2.914678 0.125000 1.501302 
148.945102 373.138532 148.236337 350.621495 2.538089 0.125000 7.834466 
333.122165 17.721838 388.129918 17.905990 2.633895 0.125000 44.223017 
44.926549 285.650304 43.703812 251.899316 2.317339 0.125000 27.127996 
273.057050 30.869918 233.017784 19.761449 3.870576 0.125000 48.589093 
327.015099 45.005627 315.505734 42.402275 3.265727 0.125000 7.086476 
320.631393 76.692575 360.629959 76.453044 6.407083 0.125000 52.941561 
288.186038 50.395488 280.250033 48.284933 3.945296 0.125000 1.676890 
360.591668 190.248834 395.659390 189.842428 10.202126 0.125000 92.004369 
411.109713 363.521098 427.156122 372.629757 4.700011 0.125000 27.491568 
539.314814 33.973068 555.574583 31.538305 2.717122 0.125000 3.570194 
511.029695 311.222781 463.623296 289.535757 5.090359 0.125000 71.963367 
427.352757 373.533426 501.783000 415.787059 4.229433 0.125000 90.371028 
20.650374 129.034017 0.575502 127.540166 3.925182 0.125000 17.937330 
404.370822 360.638419 411.562738 362.877834 4.695316 0.125000 0.124326 
292.946344 311.802833 81.012563 187.090611 5.269973 0.125000 409.668323 
370.439149 244.778858 330.783815 226.529892 4.542125 0.125000 59.090633 
431.881098 247.836118 404.366972 247.255288 2.789645 0.125000 12.220870 
335.637060 318.214546 373.120021 318.604088 2.798633 0.125000 35.626011 
18.489807 254.368213 18.815710 271.885405 1.575311 0.125000 8.445837 
133.461899 360.679101 132.198507 339.355832 4.621586 0.125000 8.862900 
376.710128 76.944766 388.098259 103.857375 5.312435 0.125000 31.645445 
396.051825 176.952346 400.158418 154.290450 4.581443 0.125000 14.673627 
463.973441 289.006225 421.142667 269.488975 4.622237 0.125000 59.273823 
280.095301 48.291824 252.958559 39.914128 4.689323 0.125000 28.521857 
420.863049 268.994659 370.863954 245.124480 4.534178 0.125000 84.978396 
161.388604 383.153892 160.048030 360.585023 2.866194 0.125000 10.439766 
585.670559 346.773371 562.628579 336.443976 5.781700 0.125000 16.346404 
300.813029 235.246367 641.273449 404.319225 4.112854 0.125000 453.733253 
391.875118 230.619854 366.859604 230.045191 2.815126 0.125000 14.589073 
380.543242 237.280271 388.476874 238.880780 5.148451 0.125000 2.617129 
111.726582 16.070017 124.851180 20.447224 5.534747 0.125000 13.188008 
193.122613 237.688348 223.126023 237.776405 2.584367 0.125000 31.023087 
421.645252 163.424913 405.973744 151.419751 6.946123 0.125000 22.409052 
641.538837 373.773339 624.999026 365.610567 5.677221 0.125000 10.321387 
6.876331 132.805022 30.631120 132.903842 3.760367 0.125000 21.355999 
619.382291 332.790064 588.119895 332.109493 2.880286 0.125000 18.777835 
61.714981 175.898854 0.264506 139.991944 3.991452 0.125000 106.094044 
8.869848 226.854562 9.965642 266.790196 4.674307 0.125000 32.018756 
191.482291 406.883592 190.388321 356.880178 3.018878 0.125000 35.703260 
352.211584 53.882862 342.612382 52.028281 7.084989 0.125000 3.878475 
26.103334 239.355311 27.749131 279.339019 3.335558 0.125000 29.765296 
159.897463 37.103406 172.876475 34.422031 9.074846 0.125000 6.341486 
560.621280 318.513088 591.880390 318.812697 2.607708 0.125000 31.926177 
110.470631 324.376673 110.186136 298.129757 1.534438 0.125000 2.663216 
514.378888 295.847839 540.628512 295.947198 2.585147 0.125000 24.701457 
45.473368 155.903680 61.684833 164.724501 2.890271 0.125000 7.729962 
183.155670 20.517603 164.994937 15.331257 7.382747 0.125000 17.208682 
376.893782 366.843234 425.063633 395.324433 4.696765 0.125000 51.139021 
136.864011 205.987207 164.379773 206.174759 2.491422 0.125000 27.410727 
120.958046 326.905071 120.260559 305.636952 2.457685 0.125000 10.255584 
80.460764 174.639496 103.421835 188.896959 3.845188 0.125000 16.460941 
483.177576 266.756222 453.465964 253.604702 5.115210 0.125000 39.293771 
228.073691 32.297215 220.682840 31.399045 2.934131 0.062500 1.522147 
543.315306 31.058628 526.929749 38.249751 1.786901 0.125000 5.736567 
33.718386 279.396827 32.513345 243.145332 3.329190 0.125000 40.966013 
86.911825 301.894045 86.617236 283.129047 2.538934 0.125000 4.542503 
229.967783 260.887376 243.385565 268.940877 2.572013 0.125000 5.141913 
522.841337 42.447568 545.102112 33.126259 2.868206 0.125000 18.942825 
37.039051 248.071844 38.542331 288.062323 3.418665 0.125000 39.348075 
205.798940 413.114524 204.664689 394.282266 2.495478 0.125000 7.669982 
426.871379 371.250285 466.884515 371.482014 3.786132 0.125000 36.303602 
220.327259 416.881190 219.520957 378.095980 3.255560 0.125000 27.006477 
282.490549 265.688518 261.622320 254.862045 4.438259 0.125000 27.353813 
562.359336 335.999345 511.207975 311.888227 5.215176 0.125000 74.060922 
87.018830 279.173415 266.579313 407.289418 2.657437 0.125000 147.905318 
50.744418 140.664070 12.995185 136.941350 3.258395 0.125000 21.343178 
429.064242 242.618143 407.243627 233.493471 4.319423 0.125000 28.944228 
536.628091 30.806722 557.897517 25.890769 2.619662 0.125000 4.121382 
556.832067 22.989550 522.922961 33.737583 3.431072 0.125000 21.624470 
101.867368 172.460747 80.620173 172.704864 1.479690 0.125000 7.086476 
377.121131 66.029633 347.116998 57.293831 2.552200 0.125000 20.464823 
54.069888 288.131320 53.422348 256.868841 1.819218 0.125000 24.471770 
60.119243 298.136220 59.813742 284.365267 1.499207 0.062500 0.957675 
389.363677 237.713882 411.876448 238.017759 2.769707 0.125000 14.765814 
571.073118 305.843279 538.844977 291.845293 4.782952 0.125000 38.499625 
342.745315 49.496105 327.849167 45.371078 5.356130 0.125000 11.585772 
55.606823 149.090795 35.613905 148.714504 2.593647 0.125000 5.977383 
111.786030 343.129681 110.802174 324.431449 2.759271 0.125000 0.186383 
88.103209 178.238096 108.138055 178.558382 2.799388 0.125000 15.976707 
111.870181 191.524361 138.132823 191.665085 2.633920 0.125000 24.701457 
361.839157 75.680551 374.337989 83.745035 7.217238 0.125000 4.576861 
248.132231 416.899133 269.350130 410.541993 2.637090 0.125000 7.834466 
321.893480 52.073708 306.874373 51.953101 7.559983 0.125000 6.633506 
452.828639 253.767193 429.443961 242.975566 4.889621 0.125000 30.417894 
379.371540 343.680303 416.885661 343.914046 2.585623 0.125000 38.325633 
56.035055 260.610280 56.843311 283.126138 2.946817 0.125000 15.362711 
174.010764 393.129943 173.365978 345.621729 3.444310 0.125000 31.961343 
113.116020 303.125319 113.828114 323.144453 3.392148 0.125000 12.094148 
515.906848 281.207259 488.087104 269.464782 5.040314 0.125000 32.748508 
312.029489 41.302958 277.742026 32.043075 3.620299 0.125000 38.285577 
139.367331 367.834924 147.722308 374.574620 2.702368 0.125000 0.900192 
334.237746 335.565993 296.893397 314.342630 5.653328 0.125000 56.570215 
46.591002 255.584804 47.423935 275.602159 2.653743 0.125000 11.985395 
386.135596 187.334464 396.763081 175.524289 4.830699 0.125000 8.466032 
612.525165 324.471006 588.878908 313.933262 5.845210 0.125000 26.759940 
199.470161 23.988460 183.568456 20.073693 3.323949 0.125000 3.911970 
218.349400 272.736464 251.236511 291.730508 3.322395 0.125000 40.841658 
25.607493 143.110200 45.638903 143.394117 2.765478 0.125000 21.328545 
269.815913 407.534531 239.169420 384.650312 2.230521 0.125000 11.826728 
151.395527 356.856772 151.869780 376.904693 2.854041 0.125000 13.644240 
164.372842 221.209619 193.127064 221.315750 2.518438 0.125000 27.410727 
0.624223 123.404327 13.124126 123.439112 3.753464 0.125000 0.719137 
395.682083 155.852325 391.829182 135.633731 4.209639 0.125000 6.454505 
619.263102 362.389190 585.975639 347.348956 6.058883 0.125000 42.275250 
216.546307 229.993243 191.874335 216.876250 5.965584 0.125000 33.162386 
640.660247 339.109024 608.157175 340.273263 2.766871 0.125000 17.580390 
220.515497 30.966973 211.853160 28.193206 3.571373 0.062500 2.667291 
369.401041 356.832304 349.266786 344.552430 5.910661 0.125000 22.216516 
17.639258 234.336346 18.528468 251.917815 3.001929 0.125000 11.930437 
380.060219 361.857699 369.815365 357.163853 6.202676 0.125000 5.393752 
556.880501 29.437046 544.258072 30.556086 2.379847 0.125000 0.814902 
45.604127 153.891479 61.876100 154.334592 2.703235 0.125000 4.243215 
101.827096 293.112227 102.079566 316.872826 2.725640 0.125000 19.592070 
486.899990 271.370184 460.679477 272.249486 3.043231 0.125000 4.283025 
391.266528 131.721121 383.770588 100.470148 2.964872 0.125000 13.107374 
205.152677 394.378262 204.954105 365.629634 1.439913 0.125000 15.457265 
319.167416 286.015034 291.579261 271.332022 6.265152 0.125000 39.325525 
335.458341 167.045539 357.589374 188.673095 5.221597 0.125000 25.621564 
80.843253 156.886849 81.438453 83.131565 3.699443 0.125000 62.149242 
561.942706 340.450096 570.394032 343.721653 2.519462 0.062500 2.726267 
90.041399 309.395251 89.434190 329.376799 1.514623 0.125000 0.814902 
467.868204 372.351509 494.921318 386.930747 3.301146 0.125000 33.421916 
600.605012 336.365630 635.613249 337.310426 2.802593 0.125000 25.686553 
84.762188 6.996998 98.948827 11.866578 8.681848 0.125000 21.601906 
151.932407 378.056276 160.040069 384.828821 2.264480 0.125000 0.318027 
348.823221 344.252250 333.875525 336.649417 5.061799 0.125000 7.764965 
346.852565 223.180684 380.013098 236.541262 3.027996 0.125000 11.792223 
440.743143 351.630848 419.758515 341.101949 5.597956 0.125000 29.321839 
279.380291 271.662459 253.115450 271.008680 1.778400 0.125000 15.645515 
378.029283 315.380256 358.326930 313.504261 5.095972 0.125000 3.875012 
279.150541 -0.076853 226.807212 16.663036 3.523484 0.125000 38.037577 
252.712484 39.930955 225.116783 33.627548 8.425101 0.125000 37.120582 
225.487134 17.358968 165.708966 0.330244 4.152360 0.125000 81.920101 
426.985412 396.686656 461.214137 416.752323 3.272488 0.125000 54.211568 
240.204566 242.709579 221.231830 233.151717 4.490625 0.125000 28.994401 
305.637480 53.341262 288.124942 53.129836 3.840266 0.125000 20.052629 
493.215819 380.438488 469.726154 368.668914 6.154835 0.125000 29.587407 
244.371098 18.993504 330.624860 18.111279 3.187279 0.125000 71.596897 
424.351868 165.687636 618.409027 237.355936 3.031385 0.125000 165.145175 
147.634559 192.778649 83.799099 158.132957 5.366345 0.125000 91.857548 
189.080137 215.081449 177.140737 208.723243 5.372917 0.125000 10.132641 
79.831273 211.145425 256.316327 321.518312 4.262687 0.125000 230.283698 
160.217548 359.361402 159.935178 341.865959 1.532244 0.125000 6.200325 
620.226469 235.455532 516.725150 197.281287 2.769019 0.125000 95.161800 
358.978698 307.636362 330.254666 292.685015 6.425228 0.125000 41.650603 
176.647160 208.544728 147.709969 192.836816 5.995142 0.125000 35.130164 
465.906990 413.882566 437.788128 397.780423 6.962734 0.125000 45.775582 
330.639563 15.314341 244.371540 16.651803 2.964751 0.125000 84.253098 
79.458587 190.476495 101.354065 202.800519 2.857087 0.125000 23.587106 
609.752244 280.877721 594.148017 274.975049 3.665071 0.125000 13.644240 
134.270488 50.543411 133.211147 68.130189 4.119004 0.125000 7.693164 
230.715387 22.726946 252.003110 27.560821 2.272929 0.125000 9.502611 
535.435001 403.695344 524.164171 398.409296 6.189346 0.125000 14.824295 
616.870065 343.534194 640.631684 343.820737 3.900455 0.125000 29.792233 
252.157776 292.640997 287.894287 313.519891 3.322904 0.125000 51.352460 
123.960061 333.116374 124.192466 355.613973 2.680636 0.125000 14.765814 
422.849023 179.266295 421.180184 164.313039 4.969149 0.125000 0.057174 
618.031101 367.072824 640.267760 377.627626 2.987093 0.125000 28.313817 
639.157212 335.145998 624.611649 331.037231 7.034037 0.125000 9.115014 
413.145011 339.134850 388.105304 339.631030 4.219795 0.125000 26.405663 
487.131853 322.616432 353.392149 255.071043 8.678254 0.125000 321.817914 
48.715197 139.348405 -0.017384 113.066107 5.327955 0.125000 62.706423 
162.980943 341.855717 163.308140 360.621807 2.804696 0.125000 14.516946 
207.672429 370.602954 208.330448 394.403879 3.051769 0.125000 17.291849 
256.534993 256.280226 273.899669 265.291011 3.370513 0.125000 12.836104 
558.656714 415.973681 544.306994 409.526360 5.701003 0.125000 9.561053 
177.401708 37.774964 259.246816 64.717141 7.286482 0.125000 174.255449 
508.601205 387.548532 495.467981 382.265325 5.798413 0.125000 8.728455 
89.427404 285.584235 90.016154 304.394057 2.655200 0.125000 6.822781 
284.358626 289.565171 316.868635 289.934792 2.713002 0.125000 24.880421 
132.684821 334.382788 132.374888 316.866155 1.515167 0.125000 7.973264 
524.380332 292.712426 505.617311 292.469933 1.459893 0.125000 2.540737 
137.839636 319.357907 138.238978 341.895129 2.787500 0.125000 11.739020 
186.038875 253.656417 213.176057 269.286354 3.414107 0.125000 36.030356 
60.071005 283.123365 60.130016 263.123540 2.544247 0.125000 12.415285 
180.089658 378.120401 179.885468 401.890123 3.889450 0.125000 6.284834 
304.441570 149.081204 264.239720 139.972037 5.248369 0.125000 49.936000 
252.453698 251.034486 240.470443 242.783954 7.662594 0.125000 6.284834 
193.645299 360.619921 193.865022 383.129978 2.573086 0.125000 15.645515 
524.360764 396.156098 485.601210 396.923610 6.397260 0.125000 42.899793 
203.821385 366.371045 193.783424 358.922199 3.724471 0.125000 2.912659 
201.045862 94.403394 202.310801 75.654402 2.662615 0.125000 11.253867 
405.995507 201.067994 395.408334 203.384966 3.280996 0.125000 2.540737 
564.401142 263.060294 551.918556 258.017191 4.144456 0.125000 6.183553 
449.377229 366.754848 419.364369 366.198158 2.916837 0.125000 25.945874 
153.929896 80.526168 230.774457 110.238462 3.731041 0.125000 85.708011 
222.434316 379.354231 223.459204 406.955420 3.701034 0.125000 19.143132 
388.392605 322.830649 377.497279 317.977875 5.833988 0.125000 4.173811 
195.601115 93.123755 196.578834 74.359568 2.028832 0.125000 11.155107 
208.563364 399.367021 208.882206 416.883970 1.545525 0.125000 11.155107 
290.492542 106.973005 334.658286 166.665400 10.931491 0.125000 250.804879 
417.926384 344.740630 442.473210 358.074872 3.322244 0.125000 32.100346 
580.721064 349.173999 615.048946 365.580311 3.441814 0.125000 39.997056 
123.477212 309.368455 123.872397 330.634340 1.598156 0.125000 13.864377 
221.506675 372.394733 151.079145 322.484167 2.385336 0.125000 57.978457 
423.040864 388.048186 396.753577 373.575170 6.951411 0.125000 37.952508 
582.880632 270.002122 564.910829 262.999902 4.478258 0.125000 14.537281 
83.323901 147.749066 590.406455 416.038064 4.294566 0.125000 729.362418 
60.345827 258.509933 0.828270 215.344725 1.968605 0.125000 45.086096 
229.572015 105.631237 230.166232 86.860477 1.842637 0.125000 11.155107 
151.807601 29.595005 158.221526 31.559917 5.146836 0.125000 2.540737 
414.291919 362.532604 449.388669 364.061148 3.692060 0.125000 35.208233 
330.077519 296.661647 349.384019 306.857923 3.253787 0.125000 16.203549 
472.735859 225.285616 443.754922 212.900941 3.782412 0.125000 36.584921 
136.493143 23.988766 144.153776 27.375411 6.089311 0.125000 3.911970 
189.140251 70.611385 188.052224 89.370779 1.971675 0.125000 9.348927 
261.235709 254.509112 252.993937 250.702419 5.587491 0.125000 4.542503 
362.021543 357.869374 375.067180 365.348049 4.047901 0.125000 11.094594 
640.825092 293.809002 622.912368 287.476470 4.785469 0.125000 12.077159 
145.161938 26.709043 151.350612 29.352609 6.238616 0.125000 1.924415 
429.826336 277.165644 460.228201 291.468432 2.927945 0.125000 32.729075 
114.092070 328.104437 114.411435 343.124225 2.791734 0.125000 3.726086 
144.849413 10.933488 136.651214 9.158762 7.430864 0.125000 1.030308 
148.037612 349.376124 147.748229 326.879847 1.474991 0.125000 3.027297 
455.632894 269.030160 480.619801 269.602133 2.613770 0.125000 10.582007 
484.487566 396.173080 470.639448 395.374469 3.743780 0.125000 6.183553 
147.198991 326.715866 138.413300 319.257911 4.035673 0.125000 0.186383 
150.648942 321.840630 135.859592 311.538237 1.740163 0.125000 2.663216 
337.872797 188.809306 359.679024 190.536398 9.018764 0.125000 53.284038 
462.150270 292.546386 507.623241 314.179692 3.222014 0.125000 64.415799 
102.240872 319.322327 102.854072 338.133831 3.503661 0.125000 11.161606 
317.092144 41.025444 330.860552 33.559389 2.290558 0.062500 0.419765 
522.892300 402.504479 549.361429 416.899954 3.872257 0.125000 29.203093 
109.916849 208.421983 126.901324 218.078701 2.812919 0.125000 11.985395 
206.702880 96.867700 207.498957 78.098447 2.444785 0.125000 8.628344 
316.878886 292.535907 289.371837 292.354438 1.406652 0.125000 17.476737 
379.375763 253.123380 416.813737 270.755081 2.859999 0.125000 38.315610 
59.151008 40.600887 62.771197 6.971475 3.594670 0.125000 8.346919 
138.676520 346.875023 138.675508 370.625077 3.750532 0.125000 9.102071 
300.884354 349.719257 352.646494 381.883427 4.906615 0.125000 71.122274 
194.106998 73.116646 193.560820 90.638585 1.794622 0.125000 10.252017 
292.347173 275.966696 310.177588 285.235671 2.838749 0.125000 12.851916 
198.286455 319.140147 214.573141 330.336783 3.412123 0.125000 5.117286 
505.648273 238.046798 490.501736 233.539194 3.337345 0.125000 1.748571 
228.017003 19.033301 289.092125 -0.270010 3.198953 0.125000 54.574094 
260.269779 324.173817 300.767389 349.144069 4.024528 0.125000 69.720984 
328.449054 32.535778 313.392198 39.919844 2.201568 0.062500 1.493161 
240.760459 386.693315 222.120391 372.795868 1.547601 0.125000 4.430142 
525.588434 245.747324 513.427753 242.112193 4.901297 0.125000 11.161606 
61.038797 146.159295 51.231049 140.488780 3.128313 0.125000 3.406280 
364.366135 335.893259 396.879624 336.083104 3.844817 0.125000 24.763473 
548.321281 256.444705 540.225134 252.751600 4.030297 0.125000 5.314860 
145.441722 43.829858 159.683237 39.041818 3.963034 0.125000 8.663266 
194.415786 390.610791 194.581184 405.636490 3.859843 0.125000 12.786724 
230.396659 112.142112 243.175403 123.066039 4.214320 0.125000 5.393752 
461.854346 392.131810 495.632267 392.594813 4.075165 0.125000 16.303076 
343.019961 235.851058 377.537315 251.889772 3.080279 0.125000 33.221538 
213.958320 20.818337 142.039295 0.055898 4.617954 0.125000 66.983109 
134.998248 222.929330 154.342958 234.428902 3.253243 0.125000 21.408161 
451.511611 256.455631 471.511713 265.205396 2.934598 0.125000 13.635029 
4.234351 164.603241 58.264675 197.898339 3.117850 0.125000 60.556703 
163.763346 366.867408 163.639054 376.881380 1.358499 0.062500 2.726267 
353.015294 382.050212 408.604102 416.856204 4.099397 0.125000 89.395462 
541.457978 296.576940 566.567543 307.576835 2.857111 0.125000 17.937330 
174.587937 38.784463 159.176643 43.760692 3.184487 0.125000 8.530531 
592.962510 319.741989 620.119676 331.766287 3.070939 0.125000 25.543511 
509.555033 315.251573 524.660003 322.533843 3.920770 0.125000 3.590134 
332.185282 340.096204 353.994483 352.893187 4.125336 0.125000 24.958803 
290.711102 315.478785 327.847025 337.347047 4.499923 0.125000 39.833605 
183.936728 69.346107 182.782616 86.852428 2.247900 0.125000 9.348927 
616.134750 10.360242 619.731020 0.305259 2.439867 0.125000 0.318027 
169.251645 83.171533 170.026879 64.401924 2.755792 0.125000 13.886760 
85.884547 53.726040 136.316508 73.895986 3.483815 0.125000 49.712858 
185.121645 88.172223 186.307778 69.418183 2.495015 0.125000 9.502611 
507.870994 417.305280 484.786510 403.677911 2.541785 0.125000 7.185993 
59.469933 150.637697 48.190426 149.772273 2.970802 0.125000 0.004420 
141.692374 76.095650 153.156419 80.544030 3.235062 0.125000 4.273380 
190.639543 90.625480 191.257555 71.895872 2.539863 0.125000 11.525921 
493.308685 188.881934 422.843365 162.630991 2.802168 0.125000 61.918288 
404.069833 156.790038 399.834401 172.002902 4.618390 0.125000 1.106626 
482.024741 228.967918 472.406540 225.429966 3.636070 0.062500 0.984506 
211.936019 99.378280 213.011517 79.368900 2.120372 0.125000 10.637005 
402.146184 231.253947 394.013534 227.702813 5.437490 0.125000 5.953295 
412.081150 238.889896 429.153958 246.145149 2.962405 0.125000 10.221827 
192.719435 358.194179 179.953058 349.064613 3.487752 0.125000 0.279529 
270.875593 148.314368 308.545093 174.469694 8.384578 0.125000 88.303927 
419.542314 272.710819 429.441729 276.709813 3.254401 0.125000 1.676890 
575.625154 315.182804 554.374722 315.175416 1.256084 0.031250 1.566624 
328.533825 27.834026 314.643682 33.755278 2.299757 0.125000 1.676890 
205.432733 75.613497 204.236001 95.616684 2.570188 0.125000 12.130744 
134.118601 309.747971 79.846721 272.438810 1.996768 0.125000 24.991385 
161.963301 239.222598 184.230623 252.124186 3.295825 0.125000 20.462586 
228.161957 83.054727 226.926667 104.377993 2.659325 0.125000 10.250834 
248.119301 268.607240 278.129882 268.961893 1.560102 0.125000 23.114588 
98.426180 2.779797 86.879760 0.599791 3.221083 0.125000 0.847371 
223.658265 238.315101 239.135051 246.101913 2.809050 0.125000 9.502611 
179.745666 349.372804 179.886410 373.129376 2.625848 0.125000 17.406726 
234.966598 108.154743 235.972713 88.142481 2.120260 0.125000 10.252017 
1.594442 218.525205 33.122998 240.627856 1.646149 0.125000 11.998022 
406.861579 234.946235 380.646544 235.464571 1.768682 0.125000 8.530531 
393.639118 354.674561 403.911792 360.231323 2.703642 0.125000 1.781168 
199.763164 73.074988 198.598066 93.152452 2.713049 0.125000 14.765814 
493.697892 275.517766 516.543282 285.160871 3.020880 0.125000 22.439640 
288.895908 333.622715 244.103083 305.789305 10.555734 0.125000 140.750496 
233.793074 86.840098 232.593353 106.843113 2.570352 0.125000 11.253867 
150.132322 329.341410 151.133230 351.907900 2.608320 0.125000 7.330664 
300.532798 44.676306 277.860764 37.738497 6.244222 0.125000 20.439811 
371.407833 319.153899 395.037843 331.728387 3.239528 0.125000 21.306735 
109.732374 298.971503 102.507351 292.572364 2.700274 0.125000 1.221117 
0.550438 188.237967 59.862762 227.386003 3.401351 0.125000 71.454260 
277.641713 38.160086 258.064194 32.070487 5.197743 0.125000 6.278196 
193.731166 221.909432 207.740736 228.895578 2.804014 0.125000 3.453676 
621.698460 288.402026 613.209555 282.992317 4.114270 0.125000 0.291467 
80.043543 234.372711 80.127189 213.127962 2.559039 0.125000 16.573647 
609.141137 298.651373 641.268990 312.925527 3.683099 0.125000 27.134821 
540.578585 254.109803 528.833364 248.997556 6.728422 0.125000 5.002878 
58.380405 18.148601 56.297656 40.687159 2.834455 0.125000 18.070296 
240.526049 110.619024 241.809246 89.371029 2.227302 0.125000 7.669982 
591.259482 273.394152 583.308316 270.172560 8.579026 0.125000 5.393752 
569.386092 281.848615 597.221509 293.550774 4.058937 0.125000 20.571976 
53.997446 39.438228 56.360082 6.837683 2.312754 0.125000 21.408161 
525.248552 322.664505 554.500309 336.612196 3.056187 0.125000 31.685656 
215.869279 26.027397 300.670515 50.467072 2.952810 0.125000 63.290861 
174.403680 86.876260 175.282885 66.859973 1.961882 0.125000 5.953295 
233.580537 148.362861 227.571010 128.290864 3.233919 0.125000 14.516946 
313.295643 44.959857 324.452681 47.822212 2.142678 0.125000 0.318027 
134.204363 1.175744 205.574383 23.288369 3.043699 0.125000 69.317447 
355.192359 265.261734 337.091896 256.430454 2.876489 0.125000 16.867944 
165.239022 206.385078 180.696344 214.234507 2.298721 0.125000 1.783236 
628.100506 240.686440 640.606267 245.671991 2.549823 0.125000 2.540737 
223.520428 103.144714 224.580334 81.885237 2.683626 0.125000 7.155889 
382.846313 99.510950 377.211827 87.960688 1.753578 0.125000 0.020404 
137.803872 71.941534 139.337350 50.532768 3.829724 0.125000 9.764405 
143.054704 49.367444 140.502340 73.111815 3.594923 0.125000 10.532605 
210.445835 76.829105 209.801662 96.888701 2.458591 0.125000 10.255584 
114.603255 97.659172 137.192178 108.727695 4.512410 0.125000 12.409492 
393.022083 207.112651 440.769961 227.790262 4.470692 0.125000 48.327580 
546.847421 311.294837 576.848030 312.530044 3.114952 0.125000 24.718137 
179.671901 86.894909 180.929175 68.145397 2.912561 0.125000 15.976707 
641.985226 397.855751 497.981361 327.122587 9.588563 0.125000 408.272164 
453.075022 241.990984 641.194905 323.052417 3.752411 0.125000 268.293236 
458.106823 234.417453 479.682957 243.655764 3.447291 0.125000 15.645137 
61.881599 48.987650 83.120794 48.825166 1.412525 0.125000 0.318027 
217.694573 101.914637 218.662489 81.900994 2.798996 0.125000 10.250834 
375.625000 233.125000 396.875000 233.125000 1.250000 0.125000 2.124207 
37.075967 165.289219 50.135020 173.105139 3.006408 0.125000 8.628344 
221.982335 81.825167 221.107015 101.896021 2.552089 0.125000 17.476737 
0.402037 21.196452 47.313924 39.500043 3.718906 0.125000 61.216486 
250.570404 400.229392 223.506971 380.569938 4.589203 0.125000 34.907863 
323.116513 311.020789 356.877793 311.744727 2.392236 0.125000 24.765582 
604.278797 389.563347 578.881528 376.591128 2.866932 0.125000 18.777835 
256.895453 29.301645 272.106984 33.542992 1.933592 0.125000 3.930387 
137.897850 91.177029 80.806134 67.684800 3.866080 0.125000 57.120467 
161.820746 53.118677 158.752223 79.448099 3.785493 0.125000 16.999738 
141.646809 193.641607 150.354312 197.487816 3.935326 0.031250 0.433123 
292.858366 39.078208 306.907694 43.008119 2.020364 0.125000 3.930387 
177.832356 66.870245 177.547754 84.385931 1.513837 0.125000 3.930387 
239.024260 88.065411 238.232575 109.332472 3.514904 0.125000 13.755763 
518.316190 346.480634 476.544033 326.229320 3.340177 0.125000 29.055170 
286.882753 54.447060 269.317105 56.336875 2.351945 0.125000 7.973264 
337.511267 169.607944 305.160497 149.369404 4.906867 0.125000 30.668299 
379.788641 260.988668 405.176173 272.836727 4.002252 0.125000 20.373716 
615.496063 258.445801 582.758170 245.287688 2.547155 0.125000 16.140807 
154.831645 242.385442 181.659100 258.950225 4.597035 0.125000 35.130274 
175.050971 124.458030 232.491601 149.193109 3.636467 0.125000 73.275380 
259.552166 340.915111 249.212268 339.006682 3.914593 0.125000 7.973264 
48.678358 38.164644 50.562125 11.870495 2.582933 0.125000 21.818995 
90.617421 48.999522 113.126563 49.194593 1.434105 0.125000 2.124207 
336.332857 256.674897 321.942599 249.244089 3.941892 0.125000 3.814630 
0.441211 48.548039 37.925926 64.833223 3.091653 0.125000 51.550182 
358.113677 314.814357 329.382760 314.073888 2.853425 0.125000 27.491568 
424.907996 283.276936 452.303143 297.287865 5.300813 0.125000 26.369494 
273.512020 370.049221 343.423062 417.041219 5.032998 0.125000 89.206609 
640.663472 408.050033 613.792479 394.260096 3.189622 0.125000 20.352803 
173.091871 63.078163 172.405041 81.894348 2.452739 0.125000 6.822781 
62.213415 76.879265 61.898379 101.875295 2.783356 0.125000 24.471770 
444.380872 252.736906 419.367685 252.358456 1.571333 0.125000 11.075447 
245.635489 252.563174 220.620871 252.096150 1.669785 0.125000 11.525921 
496.819851 328.242814 487.177357 323.729087 3.468519 0.125000 1.692864 
131.726099 275.852787 177.566079 305.817798 4.425274 0.125000 48.392145 
435.309683 210.256944 425.650542 206.803560 6.726813 0.125000 3.126708 
445.792884 228.917324 458.022846 233.403486 4.110575 0.125000 3.108440 
344.154416 243.556434 373.532931 258.577140 4.602543 0.125000 26.081623 
514.212417 221.039850 595.685767 252.969947 2.642483 0.125000 50.093448 
540.808480 357.239973 525.681213 354.103853 3.970441 0.125000 5.375685 
413.071719 295.727686 357.511092 266.899077 4.563745 0.125000 40.644307 
82.636571 84.264657 114.015838 97.713038 2.954450 0.125000 44.569437 
199.945185 277.605262 96.022937 214.964811 9.165402 0.125000 310.549625 
255.966363 86.871746 256.335743 125.618224 3.845158 0.125000 22.522557 
386.936116 339.484075 370.599076 338.608942 4.145812 0.125000 5.886308 
493.141728 249.335820 561.674313 278.595061 3.435693 0.125000 75.146582 
227.800992 127.678823 159.124504 99.996450 4.313122 0.125000 81.011878 
216.172861 79.326387 214.782832 99.403236 2.839380 0.125000 13.719437 
4.630328 146.406944 13.913509 151.470985 2.493678 0.125000 1.221117 
46.987190 54.098431 0.305715 35.162095 4.480170 0.125000 53.302093 
121.017308 65.639335 121.429517 54.358721 1.614336 0.125000 0.020404 
512.587609 325.439350 555.013571 346.860255 5.721372 0.125000 55.547999 
53.210714 15.632846 51.147560 38.172832 2.612076 0.125000 12.786724 
499.370524 289.538336 526.849886 290.291399 1.900148 0.125000 16.525830 
423.165099 204.137857 408.171077 201.602504 4.096397 0.125000 5.932336 
16.676238 153.484014 33.351460 162.715957 3.027229 0.125000 7.007851 
286.158071 96.033104 291.681014 105.735425 7.754721 0.125000 8.808028 
262.564546 63.383331 268.448896 76.149541 12.833175 0.125000 21.087838 
353.226228 254.375438 306.333981 232.831819 7.829003 0.125000 103.467236 
23.667332 167.226257 5.435779 162.624704 6.059960 0.125000 17.507263 
57.618451 191.463470 47.422538 186.901313 6.845930 0.125000 12.545565 
268.115950 54.298175 286.899777 52.085316 1.972650 0.125000 0.952218 
598.169988 254.251551 615.628959 260.614136 2.140013 0.125000 4.273380 
94.196232 35.611976 93.374344 46.893166 1.973318 0.031250 1.566624 
196.822114 319.767723 153.084342 322.465942 2.203541 0.125000 17.342127 
266.866931 403.135299 284.553977 416.992073 4.280647 0.125000 13.369111 
578.282301 376.564228 541.870486 358.133917 3.359560 0.125000 24.170836 
46.313058 19.371562 46.206004 36.870907 1.349385 0.125000 7.973264 
407.469561 182.872595 414.475852 178.696883 6.854854 0.125000 3.563362 
157.216711 118.125569 168.001864 121.075235 4.276673 0.125000 0.186383 
386.391704 395.657516 347.703718 371.293973 11.481069 0.125000 114.083582 
214.725363 331.267595 230.164571 340.173220 4.955692 0.125000 6.454505 
516.148945 299.591742 533.094764 308.184627 3.391936 0.125000 8.951635 
270.186311 348.105575 260.792700 340.420030 3.276593 0.125000 1.106210 
180.607138 289.129559 159.378597 290.674428 2.140586 0.125000 5.141913 
280.210520 133.865423 318.611748 152.099926 3.525962 0.125000 47.619728 
491.642152 232.435635 480.733313 231.032755 6.198951 0.125000 1.214902 
395.685302 189.952888 406.096139 186.048310 7.900265 0.125000 19.773514 
123.864289 54.356756 123.505920 64.388608 1.606207 0.125000 0.318027 
344.308810 370.801062 336.502341 367.866260 4.389890 0.062500 1.493161 
35.699681 171.729096 45.144647 176.563471 3.364498 0.125000 0.124326 
414.444770 414.214425 402.102409 408.851624 6.230411 0.125000 12.372177 
255.907112 125.643553 256.242444 143.137125 1.585164 0.125000 2.663216 
140.016054 109.386899 149.559678 113.992298 3.920585 0.125000 2.617129 
198.130593 316.777521 230.666926 318.644232 2.710691 0.125000 5.328389 
345.365846 48.127799 345.176680 30.616340 2.634876 0.125000 5.133970 
401.927071 219.258152 452.008293 241.575889 3.413092 0.125000 54.856045 
158.124997 203.124049 135.625208 203.192988 1.272974 0.125000 3.027297 
325.965589 133.202667 339.446694 151.493462 7.468449 0.125000 29.660086 
640.652234 316.242738 628.121640 315.702995 2.034062 0.062500 0.446940 
134.392562 189.081881 110.627625 189.518048 1.318603 0.125000 3.930387 
186.875747 232.829976 213.125579 232.896418 1.297455 0.125000 4.833477 
307.268707 347.498840 297.285672 341.221859 7.287101 0.125000 4.612153 
261.746846 362.115976 273.107589 368.157740 3.897841 0.125000 0.456678 
509.581598 354.545055 530.747316 351.465744 2.411604 0.125000 0.186383 
184.376223 218.570161 161.876393 218.631963 1.308364 0.125000 2.124207 
257.948050 127.437765 279.432217 134.193030 3.067142 0.125000 19.816053 
154.685361 98.573190 141.710177 93.550818 3.685100 0.125000 0.456678 
480.236395 244.001878 490.909934 248.732053 4.817885 0.125000 1.501302 
589.448427 365.472732 609.587561 375.184203 1.909114 0.125000 11.525921 
96.309427 211.593640 85.198195 205.105977 6.027607 0.125000 4.781753 
179.361618 23.315238 194.375255 24.371380 1.773209 0.125000 0.900192 
541.689606 261.104737 564.208063 269.806977 2.889309 0.125000 5.886308 
156.531079 79.424071 158.360857 45.637773 2.798145 0.125000 19.546341 
215.621618 249.858611 243.129014 250.050955 1.416037 0.125000 18.651346 
80.798945 241.613936 115.997261 265.066295 2.436974 0.125000 37.390916 
439.455579 307.951886 424.257408 300.877633 2.950525 0.125000 9.502611 
328.133426 361.861728 320.525593 357.031572 4.790515 0.125000 2.617129 
336.437971 366.850653 328.595200 361.847352 7.576696 0.125000 3.427554 
415.577658 304.178968 379.344615 302.551468 3.282748 0.125000 28.499010 
62.049905 115.629328 61.678204 130.651061 2.777522 0.125000 12.130744 
16.133704 159.639927 31.542946 167.597457 4.296759 0.125000 11.739020 
388.323840 241.402909 399.220267 245.992371 2.789181 0.125000 3.930387 
50.421877 185.635856 22.135279 169.265383 7.632859 0.125000 46.091535 
56.264700 220.703234 46.895134 215.588120 3.890418 0.125000 0.492587 
214.366917 234.984923 190.621087 234.670243 1.531471 0.125000 8.445837 
7.578276 157.965553 0.583059 154.458660 3.779964 0.125000 1.781168 
252.442625 301.762542 280.568959 318.634630 4.718042 0.125000 37.725054 
299.380133 365.614062 281.610470 357.275053 6.789549 0.125000 16.893991 
123.182167 6.580034 106.352997 3.318396 10.530827 0.125000 26.073194 
318.237003 246.617551 302.880595 239.936790 3.140877 0.125000 4.542503 
81.782766 198.271243 97.590268 208.240899 3.334101 0.125000 6.728301 
126.839359 255.922238 106.867307 256.669354 2.403924 0.125000 2.308295 
640.638844 268.089851 628.112658 263.156336 2.079187 0.062500 0.446940 
560.685060 236.720606 518.280579 220.225059 2.201831 0.125000 19.546341 
470.191239 323.947713 450.415934 313.521536 3.900166 0.125000 13.738564 
62.257363 104.413196 61.379566 113.200378 2.860370 0.125000 0.020404 
155.569330 276.983126 147.605971 272.883094 6.195005 0.125000 1.030308 
422.370876 257.043732 442.210930 266.142496 2.699436 0.125000 18.651346 
583.251384 279.819511 594.422495 281.572295 2.469783 0.125000 0.020404 
325.704981 350.456050 312.055234 343.994277 5.114141 0.125000 5.220278 
102.985655 211.340083 126.274393 225.831370 4.339886 0.125000 21.090393 
308.721760 226.809924 335.193087 238.822187 4.667887 0.125000 31.729734 
509.306603 143.129230 510.004386 154.413377 2.803832 0.125000 0.004420 
330.471328 226.268124 318.081372 223.307586 4.335839 0.125000 15.976707 
47.932049 94.783959 1.420080 72.839204 3.669890 0.125000 54.974048 
128.775845 268.322362 118.288166 263.980844 5.097914 0.125000 0.585532 
290.633855 398.537061 311.847197 398.081196 1.706260 0.125000 1.221117 
214.948761 290.764626 208.911803 287.826839 2.199971 0.015625 2.124207 
296.635095 341.117636 287.567936 336.702084 3.429988 0.125000 4.273380 
0.508537 104.594050 60.238971 136.351066 2.836625 0.125000 71.596294 
70.993356 74.374194 70.941910 130.625290 1.301445 0.125000 26.507637 
243.561620 187.346102 83.799132 111.843529 4.405068 0.125000 261.690868 
245.493954 90.569411 244.637979 111.835271 4.400518 0.125000 39.559243 
568.469823 272.258142 584.646325 278.692910 3.009559 0.125000 2.535833 
223.187608 37.620846 208.262546 35.767396 2.480943 0.125000 7.542747 
86.916021 44.379154 87.805749 35.592672 1.999234 0.062500 0.401985 
443.533419 379.884236 430.776282 372.850614 2.301708 0.125000 0.814902 
106.263939 255.166549 96.370262 247.528822 3.281004 0.125000 0.492587 
204.434639 307.151699 188.092809 306.150353 3.106923 0.125000 2.780658 
541.907114 377.997526 531.911679 375.479406 2.997114 0.125000 2.663216 
215.153222 284.070210 200.654608 276.813191 6.707966 0.125000 8.029707 
396.858136 352.647107 415.653773 353.057621 2.799645 0.125000 12.130744 
611.773509 291.234329 624.543831 293.361376 4.315159 0.125000 4.919218 
29.509157 194.898869 16.751792 192.541872 4.704384 0.125000 0.897640 
222.051712 283.736418 247.448602 298.380194 4.868394 0.125000 26.741851 
218.710074 183.210011 242.689651 195.252880 4.502790 0.125000 28.637509 
376.845977 299.073757 413.138491 300.183970 2.957477 0.125000 18.263610 
517.875595 196.869703 518.432877 170.631539 2.871041 0.125000 25.628169 
353.093455 327.053374 370.640108 327.440881 2.720181 0.125000 7.755066 
364.431083 283.697288 384.362170 281.744079 1.741168 0.125000 0.814902 
128.159564 228.048873 140.405327 233.608827 4.448072 0.125000 2.545812 
449.755819 313.650559 439.861560 308.449407 2.964947 0.125000 0.004420 
460.522033 299.558180 475.242079 307.832456 4.422877 0.125000 11.137939 
241.890069 335.886249 229.378849 336.010998 3.837055 0.125000 2.912659 
278.503329 98.899606 287.398685 108.909630 6.540624 0.125000 16.140807 
118.395670 266.481335 128.103584 273.156147 2.400491 0.125000 3.027297 
274.373313 282.485155 289.376654 282.526634 2.527637 0.125000 6.200325 
579.293468 326.724351 590.666324 327.567802 2.330406 0.125000 0.318027 
16.734534 83.395409 28.150661 89.325601 2.348035 0.125000 0.900192 
244.146943 349.750171 251.842663 354.428197 2.834155 0.125000 1.221117 
279.333579 145.760616 306.931581 154.189747 2.226016 0.125000 6.949904 
308.626072 174.292002 317.116170 177.483417 6.879391 0.125000 16.327479 
333.309830 152.979551 315.553157 130.415204 3.993430 0.125000 31.540270 
179.368216 227.959572 193.197483 227.392427 2.549120 0.125000 2.540737 
291.236975 325.700459 310.040121 335.497535 5.011799 0.125000 25.082743 
376.052396 90.043528 387.450940 122.925349 3.416876 0.125000 15.808512 
82.254107 25.659640 80.544715 44.367664 2.830853 0.125000 1.501302 
217.596706 190.696286 209.190925 187.335379 3.249468 0.125000 1.781168 
245.119598 209.228793 270.518200 220.858249 4.163124 0.125000 13.142867 
305.754037 356.880081 305.360892 366.864601 2.743970 0.062500 2.667291 
338.116975 85.700398 361.881241 85.844285 2.636184 0.125000 18.651346 
83.704023 114.822758 91.007956 120.094410 2.758699 0.125000 1.221117 
503.139543 355.549869 491.829388 353.360647 2.929531 0.125000 2.663216 
566.828964 354.469450 581.903347 361.816841 1.699601 0.125000 3.027297 
158.091247 325.123491 189.284084 323.024141 3.909412 0.125000 23.190558 
316.886789 159.067086 305.605468 158.635162 2.593816 0.125000 3.930387 
252.355443 354.843394 261.843798 360.675761 2.784392 0.125000 0.814902 
308.681657 340.961538 289.810492 329.461590 5.620752 0.125000 31.914059 
58.560841 99.957117 52.877652 97.431612 3.807422 0.031250 0.721180 
194.076060 11.611525 219.402011 19.285862 2.537506 0.125000 10.582007 
499.395261 323.067526 488.604920 319.263631 2.979557 0.125000 0.124326 
9.573791 183.466693 -0.263261 176.969965 4.299950 0.125000 1.511772 
318.696828 223.293647 247.567630 189.290945 4.709169 0.125000 106.782255 
305.631048 395.733763 261.877318 398.166684 2.497252 0.125000 24.408543 
499.334325 411.538681 520.653369 412.487764 2.886675 0.125000 13.635029 
33.437974 236.440938 48.051089 246.977506 1.568216 0.125000 3.027297 
258.115691 347.004785 241.770467 345.832448 3.829816 0.125000 2.078901 
359.385851 89.190575 335.625586 89.432533 1.300849 0.125000 3.930387 
506.120635 246.716296 522.867000 252.608292 2.773159 0.125000 4.397325 
354.327856 365.702039 372.068650 376.558553 2.068690 0.125000 7.755066 
231.616327 131.593846 241.885513 134.335626 3.623088 0.125000 2.540797 
311.219782 338.278946 321.482589 343.848129 5.084562 0.125000 1.785832 
331.178037 350.819195 342.574851 356.788912 5.536456 0.125000 0.060892 
445.585849 380.364423 466.852013 381.205915 4.093030 0.125000 7.764965 
70.605916 165.540919 69.440623 183.129348 2.825073 0.125000 6.059136 
288.877537 153.052485 276.926384 148.003376 4.913765 0.125000 1.636037 
242.667227 301.286955 230.702571 293.012830 4.506286 0.125000 16.223554 
43.678542 34.343396 44.301205 20.621651 1.645362 0.125000 0.318027 
104.381834 129.915761 91.858907 129.795091 3.785901 0.125000 3.726086 
104.064301 127.559098 118.757500 134.232361 3.414352 0.125000 9.369658 
230.367684 296.594828 217.105382 289.214708 8.975879 0.125000 41.685324 
495.122887 154.374830 495.130557 188.125112 2.506250 0.125000 31.561660 
230.972437 318.232610 249.738419 330.708570 3.140172 0.125000 11.400429 
249.373595 121.874885 252.651716 81.938756 4.862303 0.125000 41.375226 
322.873561 264.131075 298.167130 257.956428 4.244645 0.125000 16.712749 
68.364807 210.619315 68.898617 233.136294 2.677050 0.125000 17.759496 
166.294906 156.935375 189.671151 170.099092 4.695047 0.125000 9.040364 
165.703075 4.085453 188.249077 10.164847 2.372856 0.125000 12.130744 
167.424957 280.311351 156.239680 276.377331 5.546242 0.125000 0.095674 
596.906968 286.595806 584.427451 285.166910 3.669438 0.062500 1.302134 
68.655628 281.837851 69.974093 300.670570 2.493896 0.125000 12.415285 
238.185880 327.944515 219.093316 321.504330 7.149024 0.125000 33.521007 
258.426228 336.401246 298.796016 362.069665 3.262067 0.125000 33.206508 
0.983519 76.132516 13.077933 81.972475 1.823486 0.125000 2.124207 
228.062539 340.887654 186.898202 343.491758 3.442037 0.125000 38.518270 
466.624409 200.005343 444.191287 191.087116 1.889860 0.125000 2.912659 
272.030977 69.839600 280.440369 89.641730 8.573867 0.125000 54.749145 
490.682441 351.645805 463.333846 344.791683 3.643523 0.125000 13.637686 
565.964621 349.940761 581.989357 357.894603 2.239330 0.125000 6.011768 
86.802359 79.695468 101.877798 83.112658 3.267140 0.125000 2.308295 
191.352145 170.557658 212.704930 179.997763 4.332359 0.125000 13.637686 
385.663880 9.276001 410.725753 19.118451 2.157719 0.125000 6.340796 
418.106732 249.849100 434.380735 250.476172 1.730368 0.125000 2.663216 
83.758960 59.032888 74.007726 52.416270 3.881788 0.125000 1.295657 
204.687909 106.059093 181.729527 97.254319 4.492768 0.125000 23.136087 
221.646456 316.398683 206.831468 312.022367 3.950492 0.125000 4.593418 
239.358900 262.559787 255.629295 262.942316 1.543458 0.062500 2.752490 
521.861804 367.047259 506.854118 365.897597 1.914683 0.125000 0.020404 
180.632914 317.078995 163.159216 317.756918 1.635797 0.125000 0.814902 
233.593895 118.265982 205.332434 106.316969 3.453967 0.125000 25.785460 
290.162803 217.581316 302.924094 225.932018 3.499378 0.125000 2.001801 
51.903426 209.297758 40.374722 205.055085 5.124048 0.125000 2.832414 
68.883261 236.873247 68.972872 275.625930 3.819361 0.125000 28.826706 
210.251590 191.393121 226.209496 199.470212 3.428136 0.125000 9.494129 
421.681307 212.367958 399.637641 203.706566 3.033115 0.125000 6.658715 
186.866428 179.391851 210.280253 191.302689 2.853239 0.125000 12.372724 
241.868274 362.185676 260.663587 362.592564 3.803230 0.125000 12.372724 
284.311487 244.566433 268.178464 239.213856 5.937570 0.125000 24.133391 
575.525393 394.818360 558.331566 390.955549 3.234409 0.125000 4.121382 
339.371540 107.567119 363.128378 107.419798 1.381749 0.125000 13.886760 
633.201994 300.087425 621.651834 298.433147 4.066566 0.125000 0.186383 
180.921525 97.401613 159.219030 88.505496 3.053019 0.125000 18.811921 
318.437773 90.501346 325.007540 107.119110 5.758160 0.125000 17.784681 
591.706620 362.201491 607.119742 370.150442 1.788736 0.125000 1.781168 
47.034778 43.975275 0.263340 25.279782 2.791867 0.125000 48.627841 
103.398678 86.132517 121.239259 92.708527 3.270418 0.125000 4.593418 
278.192074 212.965002 289.543260 217.723634 3.458396 0.125000 3.453676 
420.404225 184.984071 439.379627 191.862234 2.129881 0.125000 3.453676 
136.092379 79.461062 84.610506 58.788507 3.488915 0.125000 44.545910 
147.934835 148.443784 163.397693 157.667869 3.842280 0.125000 5.117286 
285.646082 363.167735 269.379214 362.883677 2.739690 0.125000 4.718666 
91.967067 132.939706 174.569849 173.982849 2.984064 0.125000 72.495995 
473.212900 205.397256 495.315134 213.927843 2.066336 0.125000 2.308295 
151.055398 85.891886 141.416588 81.672102 2.506516 0.125000 0.318027 
189.625975 34.866934 265.057174 59.840111 3.543871 0.125000 64.447144 
388.699610 211.920896 401.842616 218.192861 4.077006 0.125000 6.728301 
311.523617 90.326296 316.261283 104.579002 3.558553 0.125000 4.121382 
326.853660 263.210219 342.146735 267.039871 4.854285 0.125000 14.005226 
340.669923 395.174326 330.521558 394.162749 2.976360 0.125000 1.676890 
121.970362 95.320017 137.058601 100.037815 2.833036 0.125000 3.570194 
524.667879 56.922327 591.837340 73.279648 2.101788 0.125000 45.086096 
597.968709 408.486386 580.949016 401.125787 4.589213 0.125000 8.519358 
398.037423 173.252605 407.751382 179.919387 3.399590 0.125000 3.390973 
591.760843 71.082904 515.571723 52.088702 2.153798 0.125000 59.561519 
193.129402 124.461033 216.879062 124.550850 3.792518 0.125000 8.058147 
408.491329 188.931860 417.723355 184.740355 3.309880 0.125000 1.676890 
417.824475 22.815295 524.376562 56.870113 2.185213 0.125000 73.780630 
181.576652 173.722756 141.562466 153.751180 3.351321 0.125000 37.552745 
238.031218 200.824828 217.795176 191.327781 3.925801 0.125000 13.160956 
404.507228 14.038099 380.526474 4.626031 2.120692 0.125000 5.528335 
525.812771 367.161627 536.651028 369.274107 3.202463 0.125000 5.736567 
245.075871 227.171912 220.509226 218.451138 4.140731 0.125000 15.709892 
338.375898 272.471354 318.853257 264.977722 4.491102 0.125000 12.335945 
494.571275 349.997372 514.213906 356.140130 2.386047 0.125000 5.227029 
271.552129 166.333678 310.715489 184.176384 3.285190 0.125000 37.099593 
287.546343 225.592324 264.296370 214.540414 3.979127 0.125000 20.537833 
407.441468 401.900474 386.603118 392.260616 7.856573 0.125000 53.922186 
449.528905 330.885308 434.556997 332.410987 2.227236 0.125000 0.004420 
490.879775 254.977662 465.825026 245.116771 2.536518 0.125000 1.536552 
189.079214 304.056627 175.506747 299.747457 5.578710 0.125000 2.522173 
499.349175 244.444773 483.022551 238.401791 2.344555 0.125000 1.106210 
208.691654 187.078175 193.871181 179.055746 3.116208 0.125000 7.729962 
248.394876 156.260093 265.368426 163.709600 3.713629 0.125000 8.328688 
454.134184 31.431140 421.897088 21.801060 2.395404 0.125000 14.005226 
209.439684 131.640873 222.535428 135.258965 3.947464 0.125000 2.535833 
254.957473 208.034752 238.547456 200.902944 6.680148 0.125000 9.741956 
303.162234 158.711522 295.614651 158.864544 5.049648 0.125000 3.390973 
67.575890 180.644893 68.854115 135.610216 1.789701 0.125000 32.056808 
429.299209 416.489807 410.441483 404.667733 7.303470 0.125000 29.100557 
314.353446 184.448810 321.936826 186.663281 2.898888 0.062500 0.401985 
555.628909 379.521607 579.362039 378.888851 1.449444 0.125000 2.124207 
111.864198 34.405719 84.260944 24.699355 2.708340 0.125000 18.777835 
326.272369 184.130908 338.874803 187.497453 8.941716 0.125000 26.192896 
15.602829 48.912844 28.128087 49.265317 2.604003 0.125000 0.814902 
294.545318 377.620443 284.431862 374.206550 2.783490 0.125000 1.781168 
431.859657 325.722994 419.276693 323.752875 2.618338 0.062500 0.419765 
515.355136 51.495501 455.666408 32.991430 1.934211 0.125000 45.011430 
227.906315 199.771812 244.597855 208.970622 3.731865 0.125000 7.185993 
255.650227 369.773611 228.102347 371.517056 2.652912 0.125000 21.564489 
616.799112 12.109090 640.857328 19.908343 1.862105 0.125000 6.810870 
324.319995 384.673660 313.216408 382.628685 6.599440 0.125000 6.156866 
553.258819 380.337510 586.259084 395.698207 3.457690 0.125000 32.050156 
265.597681 379.609911 284.387315 379.955593 3.979295 0.125000 7.961028 
293.419759 250.910526 280.939380 247.096324 4.781677 0.125000 0.897640 
348.201324 277.600087 339.454497 276.328268 3.193436 0.125000 2.124207 
463.889167 339.040038 449.599142 331.452842 3.761634 0.125000 7.155889 
529.527509 257.058263 508.002635 253.980892 3.005569 0.125000 0.813520 
612.087090 407.714599 626.984386 415.413334 3.905314 0.125000 5.625356 
640.825355 17.488657 618.206248 10.366949 1.876997 0.125000 12.058197 
72.272166 0.630340 71.734476 40.623111 2.298122 0.125000 10.566053 
493.073001 210.755120 473.242695 202.830484 1.862015 0.125000 2.540797 
0.617192 41.896485 15.472379 47.294973 4.805309 0.125000 8.466032 
535.694012 370.454655 552.901754 377.426047 4.194503 0.125000 11.137939 
279.511034 388.323077 259.363030 385.717559 3.558718 0.125000 2.585259 
479.366844 329.217873 463.095800 330.062475 2.367042 0.125000 4.273380 
101.888026 278.927885 131.880131 278.441284 2.803836 0.125000 10.934677 
245.460273 195.986100 257.132423 201.310698 5.785954 0.125000 4.475169 
306.918860 410.542144 292.100912 402.698230 2.988896 0.125000 5.361717 
317.174842 178.383607 328.973626 181.952095 6.093243 0.125000 7.693164 
532.728924 374.057637 512.156382 370.324403 6.040349 0.125000 12.568322 
152.978655 76.872397 153.423612 51.858077 1.316497 0.125000 4.833477 
585.615176 381.711734 565.612386 382.915377 2.420405 0.125000 10.377805 
396.927138 0.588934 405.022494 12.291779 2.133359 0.125000 2.124207 
82.374718 65.076315 122.666141 80.568390 3.771435 0.125000 24.297194 
132.975524 149.676367 97.919708 132.288900 2.848906 0.125000 20.943671 
68.566775 100.624369 68.585314 76.874384 1.268539 0.125000 3.027297 
284.348325 343.170857 265.058632 331.949794 3.319239 0.125000 5.220278 
578.110045 293.160880 550.685320 281.730279 1.442698 0.125000 5.097369 
445.515911 235.878560 424.408352 226.797478 1.337704 0.062500 1.097388 
68.655977 130.632721 68.508193 116.870885 1.397576 0.062500 0.318027 
260.602051 201.904828 269.723239 208.922370 4.573340 0.125000 3.911970 
352.561568 172.564596 360.846394 182.714589 4.130048 0.125000 0.738703 
511.530753 215.602400 512.598380 199.340426 2.330853 0.062500 2.046536 
583.373672 396.390567 598.292460 404.048775 2.342643 0.125000 5.141913 
66.875000 275.625000 66.875000 238.125000 1.250000 0.125000 13.864377 
261.060852 85.233907 275.207516 100.999611 3.721451 0.125000 8.466032 
275.375915 223.640921 290.476951 230.931648 2.406270 0.125000 7.973264 
348.087811 1.980487 365.613053 8.158888 1.730369 0.125000 3.930387 
17.249319 190.063292 9.748374 185.064710 5.200118 0.125000 2.912659 
365.755586 5.189178 349.469572 0.309372 1.798311 0.031250 0.635693 
135.573655 171.976337 121.118012 164.651973 3.389799 0.125000 4.121382 
185.310070 135.790884 193.910872 152.119472 1.925024 0.125000 5.314860 
245.750679 381.989876 265.582526 380.163734 4.291236 0.125000 8.236752 
268.061653 238.310803 249.736964 232.063314 5.915646 0.125000 18.003184 
349.797021 271.124861 365.345292 279.872179 5.516117 0.125000 4.910203 
581.194505 266.915064 582.344346 250.570082 1.792088 0.125000 3.027297 
317.325858 107.950063 324.630438 126.775888 1.878538 0.125000 6.200325 
66.875000 299.375000 66.875000 281.875000 1.250000 0.062500 3.930387 
313.419155 381.803594 302.857903 377.536000 7.890373 0.125000 11.567076 
474.488482 340.330751 486.628971 345.012931 3.049021 0.007812 0.067134 
135.311060 17.894185 146.641143 21.384199 2.202604 0.125000 1.221117 
257.847645 181.283910 279.474970 190.387503 2.727517 0.125000 10.439766 
462.638933 82.209303 428.054012 31.923824 2.181313 0.125000 40.840826 
149.936242 119.695895 156.793082 134.413166 1.815487 0.125000 3.930387 
340.208386 361.214464 327.503824 352.235282 4.505266 0.125000 2.997058 
531.573814 244.433128 532.422386 230.581955 1.960269 0.125000 1.221117 
613.126411 78.119063 640.562311 84.638802 1.794126 0.125000 13.305069 
450.684212 74.334566 417.247823 25.370408 1.250000 0.125000 26.689277 
259.366652 218.046901 244.404002 219.646319 1.774362 0.125000 1.221117 
414.748448 26.620577 448.131260 75.620735 2.201949 0.125000 39.154033 
634.337767 80.789262 605.645283 74.285517 1.771731 0.125000 10.377805 
495.038417 215.610945 494.768298 226.884424 1.489179 0.125000 0.318027 
90.753901 236.710992 81.701232 229.596095 3.300039 0.125000 5.314860 
559.472109 269.999752 545.666837 267.855626 3.237743 0.062500 0.295574 
204.597056 113.717333 220.699546 119.154216 2.783813 0.125000 9.748567 
249.433435 159.246346 232.102352 151.374453 1.450809 0.125000 1.221117 
146.978837 21.570216 160.825146 26.287530 2.444786 0.125000 0.004420 
162.993705 95.916792 194.594968 110.136141 4.331514 0.125000 14.194376 
171.896833 140.615570 167.015508 129.314311 1.982603 0.125000 1.221117 
228.208853 144.184304 182.083058 123.901841 1.834015 0.125000 17.580390 
66.544382 231.888050 65.704983 210.621843 1.840632 0.125000 12.961287 
110.911346 113.779578 122.001104 119.112782 1.754260 0.031250 1.310520 
167.780711 185.354096 145.800787 177.625093 5.002016 0.125000 15.517936 
506.885495 343.535600 493.112543 343.887644 1.537054 0.125000 4.833477 
119.599290 253.983930 106.956486 246.732922 3.715397 0.125000 0.279529 
134.330931 103.229567 91.978107 85.380346 1.703331 0.125000 22.275152 
223.105437 73.178731 206.748194 67.223284 1.921499 0.125000 0.847371 
456.403907 87.584111 471.060633 108.690513 2.053448 0.125000 5.361717 
24.471288 40.379084 37.007154 45.287485 2.950082 0.125000 1.783236 
170.699537 129.170082 185.553010 134.572915 1.709154 0.125000 2.124207 
419.348477 24.393044 453.279615 74.269815 1.778882 0.125000 15.437277 
10.730747 67.896396 29.509971 76.583219 1.759514 0.125000 4.273380 
64.302657 238.123730 63.644133 275.634114 1.754459 0.125000 18.750842 
225.303874 214.936882 209.285285 205.781977 2.325079 0.125000 0.492587 
209.619005 158.846501 242.117084 173.850661 2.530603 0.125000 18.394150 
196.454631 199.099610 175.810332 190.195315 2.159993 0.125000 3.726086 
230.605811 217.927877 246.944346 216.337355 2.589912 0.062500 0.295574 
639.684816 246.904863 638.002008 264.363145 1.484097 0.125000 1.221117 
580.791412 228.135875 579.891364 241.908744 1.573391 0.125000 0.318027 
204.019344 144.543130 210.473732 158.196509 1.314981 0.062500 1.576279 
