685.603750 203.107646 686.557375 270.629486 4.455716 0.125000 95.037834 
1240.740773 67.438438 1257.778284 63.937625 3.673258 0.125000 2.249830 
859.388450 274.600296 826.780792 276.546982 2.998408 0.125000 27.745375 
815.677787 276.308101 773.045985 279.602486 3.937174 0.125000 39.348663 
653.685490 202.791205 680.668278 248.099226 4.501109 0.125000 57.696810 
788.125581 200.962299 758.123517 201.013976 2.540904 0.125000 20.067857 
881.842546 190.623957 883.007646 154.371228 5.077724 0.125000 71.399576 
683.390966 246.901684 682.203641 203.116088 3.714738 0.125000 51.391092 
845.631354 200.789774 801.865394 200.986350 3.637675 0.125000 26.816516 
890.427949 154.410413 891.343622 191.826823 5.426644 0.125000 75.235172 
772.412529 267.952679 777.475331 247.020198 4.526475 0.125000 10.774481 
751.876193 201.151658 686.876526 201.298891 2.618913 0.125000 77.546552 
646.875274 201.320335 614.374787 201.333122 2.510820 0.125000 32.392053 
679.676187 252.441332 658.362559 216.733205 4.917294 0.125000 41.831271 
880.178243 354.381253 881.307186 209.360849 5.505840 0.125000 240.979239 
850.347862 197.285359 806.565791 189.977499 5.347029 0.125000 81.872161 
613.021399 202.926068 618.468324 234.315424 5.455211 0.125000 32.600349 
768.517217 203.118747 768.836625 223.153511 3.769449 0.125000 2.292832 
680.626633 201.327355 654.373139 201.249077 2.563348 0.125000 20.881146 
1010.901930 175.740774 1008.779082 157.898456 7.239996 0.125000 8.729824 
756.158780 203.058736 753.166835 235.397574 3.893283 0.125000 21.305214 
827.252441 0.325582 794.400302 96.062619 3.559087 0.125000 112.736857 
753.089784 184.200729 685.580292 181.990664 8.068577 0.125000 139.245116 
742.533289 254.511759 753.257064 202.892750 4.085286 0.125000 48.826168 
683.151931 182.148768 643.142336 182.855889 7.763894 0.125000 68.488550 
657.971274 216.489290 648.525497 201.148049 6.140175 0.125000 7.062811 
799.840414 202.825993 772.068495 275.698741 3.952961 0.125000 87.403424 
685.063898 184.352184 685.561520 199.377102 2.829646 0.125000 2.902911 
618.192556 275.759167 609.943759 203.060465 3.850036 0.125000 53.495891 
566.971698 128.778539 575.228647 143.349600 4.350109 0.125000 2.393723 
665.652127 275.976364 629.329112 278.780625 2.492583 0.125000 31.640911 
799.256240 189.141113 771.694451 185.919784 7.513717 0.125000 38.583208 
703.123011 320.736392 686.855875 320.445876 2.767445 0.125000 17.039523 
686.885483 172.809129 750.689661 174.926644 5.536252 0.125000 144.043198 
1016.982780 212.550570 1004.228193 210.157428 4.058730 0.125000 1.195529 
741.287774 285.517165 751.565664 229.547738 2.083398 0.125000 35.244617 
757.242352 174.259943 880.836153 191.621874 6.413197 0.125000 200.801597 
611.004260 285.436368 569.432469 201.852994 4.612283 0.125000 95.735507 
871.729271 0.571195 848.166563 64.390345 1.984212 0.125000 43.774172 
758.120201 198.534741 795.626117 198.320514 2.699870 0.125000 34.662063 
764.689928 446.782941 765.676984 436.757054 4.228472 0.062500 0.806701 
608.127130 201.370141 575.622434 201.232975 3.755241 0.125000 14.762700 
798.907048 134.804404 788.152893 154.390315 3.072001 0.125000 10.060125 
849.667802 65.734122 873.986800 0.480324 1.884369 0.125000 43.841465 
876.330245 0.889416 851.214601 67.877398 3.366623 0.125000 68.481245 
752.903561 173.154806 751.514751 162.836983 3.716484 0.125000 0.442932 
642.937479 185.011815 651.076475 199.114442 4.039728 0.125000 5.063784 
614.267187 175.572829 686.901592 172.504496 6.349946 0.125000 121.707974 
753.277828 325.323077 704.264566 320.496427 5.465943 0.125000 47.724531 
876.883161 204.051779 858.119365 204.122129 3.810898 0.125000 24.454999 
848.883264 4.204583 822.863450 79.284357 3.518169 0.125000 86.772979 
700.624587 402.052944 656.871924 401.951500 2.586940 0.125000 13.137546 
826.971413 131.458557 820.118384 150.442113 4.376081 0.125000 6.273772 
777.507444 163.584109 790.140877 146.180972 4.600749 0.125000 7.522596 
769.974297 187.785249 760.115737 184.815688 7.787009 0.125000 7.901551 
680.813561 263.188131 679.989831 249.338432 6.387403 0.125000 7.761767 
901.885237 194.374854 902.010617 203.140939 5.088873 0.031250 0.327416 
646.371698 197.162500 638.604507 183.565127 3.566963 0.125000 5.667547 
575.250417 144.314779 592.840602 168.333281 4.105056 0.125000 17.964190 
580.345405 157.039033 568.735660 137.250087 2.832105 0.125000 14.022407 
563.770691 73.120804 564.087577 121.884991 2.727384 0.125000 47.192788 
546.872787 156.267711 536.596100 135.152373 3.401770 0.125000 25.787692 
494.136117 192.836458 599.128100 176.534819 5.968097 0.125000 164.821249 
638.229103 183.392903 615.663784 184.940504 7.261690 0.125000 35.792162 
780.039255 245.439944 785.879150 226.955294 3.952357 0.125000 5.856416 
879.547142 371.830796 880.163378 356.804804 4.002956 0.125000 7.611331 
682.661283 198.144185 682.039629 183.118189 2.859558 0.125000 5.746172 
803.119136 198.132078 843.124143 197.943337 2.558946 0.125000 31.006246 
706.876090 388.499940 681.876301 388.572588 1.319011 0.125000 1.686993 
857.717831 31.728931 868.933043 0.466451 4.616627 0.125000 28.749777 
817.947413 84.313003 847.267978 0.325807 4.399236 0.125000 94.897509 
615.155850 233.192653 621.286984 275.709794 2.129249 0.125000 25.079398 
750.760571 248.151859 745.329214 275.566399 3.204175 0.125000 13.404960 
789.926635 146.530975 806.974528 111.924029 3.529606 0.125000 23.106086 
588.112602 126.881516 603.983549 157.080724 3.319502 0.125000 24.040353 
891.357106 210.618183 891.838650 350.625125 5.184839 0.125000 299.048140 
538.454476 197.973983 518.324520 200.797472 8.121811 0.125000 24.870479 
850.152027 11.911528 848.214410 53.129203 2.673333 0.125000 25.273019 
547.475102 145.341233 554.642443 160.498536 2.917070 0.125000 2.385782 
671.953025 320.927302 629.309443 323.070739 7.057880 0.125000 59.127781 
750.090448 229.525974 740.626321 274.375279 2.255433 0.125000 17.009485 
589.177256 231.964150 594.705350 244.226067 3.530690 0.125000 7.190227 
833.076166 273.687646 845.690112 272.791477 2.936635 0.062500 0.220893 
596.593325 186.251208 538.222810 195.025666 6.681401 0.125000 86.533074 
560.240611 156.839539 562.662921 130.582372 3.178403 0.125000 21.658019 
875.503673 320.655980 875.228457 330.682736 5.759836 0.125000 0.295733 
955.329407 285.096589 948.566092 272.880788 5.233198 0.125000 0.850349 
491.819502 155.630431 491.970284 191.874604 5.103960 0.125000 77.811640 
728.120396 366.027223 636.870836 366.227489 3.903620 0.125000 63.714351 
854.006093 41.754115 857.207603 31.983988 3.910781 0.125000 0.442932 
676.871344 388.600543 648.123043 388.379531 2.567193 0.125000 10.219160 
482.636473 191.863452 483.522428 154.384395 5.087224 0.125000 67.525625 
601.634722 158.871859 579.342978 114.391048 3.388667 0.125000 34.661613 
789.650388 218.222400 795.060669 202.925406 3.118588 0.125000 0.171468 
764.122346 154.237466 773.471179 137.063446 2.695986 0.125000 8.052122 
473.106249 193.187474 481.890173 193.312968 3.821044 0.062500 0.152857 
603.919329 202.998072 607.744405 226.935816 3.257636 0.125000 3.752597 
686.874080 198.292456 753.128947 198.656411 5.082322 0.125000 76.940159 
759.239305 266.884954 757.401887 241.836351 3.008376 0.125000 6.094035 
670.583609 271.838464 678.144482 271.965502 6.333117 0.062500 0.199213 
599.557850 247.374677 602.648760 261.708144 5.773710 0.125000 2.559780 
777.807227 134.200797 764.618713 158.258604 3.004420 0.125000 16.597026 
260.312154 101.840678 258.912490 114.598533 4.697539 0.125000 0.738597 
575.000443 202.840393 582.413069 219.130153 4.141821 0.125000 11.032420 
660.646180 330.469870 646.877152 330.736233 2.620416 0.125000 3.801609 
573.124356 201.260912 539.374393 201.296292 2.534068 0.125000 28.446972 
875.656898 273.203912 863.381059 278.166123 8.112296 0.125000 2.249425 
509.282609 204.033422 496.374560 207.524829 6.913462 0.125000 7.761767 
678.129547 411.412865 659.369064 411.228265 1.434427 0.125000 4.860021 
983.102954 226.933435 991.588334 230.134818 7.171389 0.125000 3.509664 
797.832890 78.447235 824.049228 0.515410 3.685114 0.125000 86.097020 
773.060601 277.715189 784.422878 275.929679 2.734297 0.031250 9.368334 
896.179134 315.755855 898.481857 306.004447 5.153441 0.125000 5.553189 
734.303468 314.586364 739.493992 285.646342 3.249758 0.125000 23.432879 
1173.645929 86.747503 1176.265417 71.768398 5.786566 0.125000 16.905383 
222.202223 116.608196 216.287089 137.066431 3.455141 0.125000 0.471619 
733.309101 318.225381 779.573695 325.634253 5.033743 0.125000 73.765369 
638.100216 275.314331 669.548950 272.805519 4.877744 0.125000 20.034864 
429.650848 156.274237 434.937849 147.701232 5.479206 0.125000 1.440354 
104.437212 224.272728 114.511373 230.400812 4.690063 0.125000 5.000492 
649.137291 197.105280 680.665834 198.261809 8.652476 0.125000 44.484709 
676.869492 385.990361 696.876499 385.865800 2.616684 0.125000 12.854945 
797.086203 302.659139 803.314666 288.770635 5.937917 0.125000 6.160060 
690.633657 315.478459 733.133028 317.989113 5.586357 0.125000 40.757714 
809.382461 274.558251 831.946843 273.639555 2.497930 0.125000 7.228113 
748.095477 313.112642 753.106848 301.140640 3.271432 0.125000 0.584111 
804.445506 178.148396 810.422010 160.137197 3.553793 0.125000 8.425402 
409.867061 138.791203 421.958584 143.573907 6.245729 0.125000 12.824582 
561.200439 103.129714 561.517954 64.372075 3.565553 0.125000 24.790065 
663.122230 385.797970 675.639039 385.998443 2.659822 0.125000 1.322912 
630.582298 318.481874 640.678747 317.999145 4.994295 0.125000 0.408267 
516.415569 81.493622 538.762595 127.817418 3.230503 0.125000 40.149008 
965.396218 234.179652 973.336066 235.902013 4.791342 0.062500 2.317917 
1177.995140 68.819363 1188.585254 66.344304 6.734240 0.125000 4.816562 
536.326434 134.626234 532.146976 125.500440 5.682409 0.031250 0.174263 
544.144435 0.304269 563.592975 62.121038 3.737635 0.125000 55.466448 
819.223928 134.380941 819.043690 91.876405 2.510579 0.125000 20.805662 
571.514380 93.247973 564.753703 73.422115 3.603755 0.125000 3.583743 
648.074468 316.758418 679.420273 315.599356 6.522867 0.125000 34.223961 
646.884735 328.403470 681.929304 327.178298 3.616689 0.125000 13.783761 
737.816433 273.370317 742.484009 255.457971 4.625601 0.125000 4.799429 
622.094588 324.428415 609.325247 326.579677 3.918895 0.125000 8.915280 
739.823536 300.633207 739.549161 315.628187 2.476504 0.125000 2.933076 
633.076734 385.301079 641.932974 385.762654 2.756851 0.125000 1.686993 
954.362413 234.417816 964.397972 234.515524 3.835010 0.125000 0.442932 
569.373128 198.907064 585.626027 198.945959 2.526915 0.125000 3.757065 
685.697466 320.015137 670.328404 321.754964 4.827661 0.125000 13.353094 
680.510371 315.217984 690.893045 314.499734 9.074202 0.125000 3.909938 
1150.535915 119.615850 1147.548073 103.003940 6.939001 0.125000 4.647312 
660.491864 406.307508 673.238346 408.793942 5.116574 0.125000 1.786404 
611.670928 328.032092 587.049549 331.773631 6.554657 0.125000 25.778905 
568.619188 168.168868 567.728675 178.200779 2.821784 0.125000 0.440864 
618.770026 234.491311 626.685337 275.661464 3.115527 0.125000 37.813729 
765.879376 289.978026 747.377002 318.451210 3.564448 0.125000 28.114583 
783.666607 159.876486 777.042728 167.030303 2.887496 0.062500 1.412186 
846.868282 273.057212 870.632634 270.702025 3.238605 0.125000 5.583087 
374.013727 95.586156 372.376507 110.813321 5.238606 0.125000 1.148935 
587.970584 324.376235 619.358913 320.494902 5.882611 0.125000 43.338807 
910.330382 313.923952 906.041397 328.611609 5.001196 0.125000 13.353094 
624.159307 275.664593 616.589794 234.427352 2.108619 0.125000 13.997751 
781.434101 324.372341 781.539639 306.872977 3.847933 0.125000 16.729993 
857.376736 330.616751 857.047312 310.581062 6.249155 0.125000 17.297490 
824.189848 319.422315 827.041777 330.582381 4.528812 0.125000 1.768137 
770.499784 330.990639 754.039803 325.353799 4.697940 0.125000 12.198296 
568.250422 76.825150 588.311013 127.297886 3.008364 0.125000 35.574523 
31.885576 216.983869 1.867937 217.217501 3.973645 0.125000 13.427303 
856.461258 310.029008 867.403108 296.038015 6.892491 0.125000 22.635883 
826.064976 302.311689 830.042231 309.689175 5.587520 0.062500 3.395956 
561.325185 64.154099 541.222920 0.436363 3.640058 0.125000 62.855629 
668.111064 462.846343 681.879525 462.777289 6.281267 0.125000 6.580607 
585.633711 197.990344 600.651727 198.961822 5.393025 0.125000 1.148935 
778.255976 331.202757 770.526942 331.756615 4.097789 0.125000 1.200433 
837.905348 334.257986 843.678972 323.420116 6.691523 0.125000 6.896448 
689.172963 470.838015 863.683388 636.354195 4.936615 0.125000 294.801088 
793.837191 96.646730 778.128420 133.657006 3.311303 0.125000 27.981535 
840.708461 608.133154 693.413570 471.563768 4.066977 0.125000 248.584233 
737.451871 285.836594 729.288257 308.093183 2.854573 0.125000 6.401217 
960.858635 318.111244 960.120889 305.581084 6.533074 0.125000 4.925868 
529.373144 199.146128 566.870680 198.842120 1.493174 0.125000 13.427163 
963.213037 303.452172 955.439286 291.563807 5.311107 0.125000 6.094035 
614.355325 198.463563 645.590769 197.789287 6.518318 0.125000 32.590397 
700.433576 333.009157 688.777649 352.269959 3.038555 0.125000 10.753844 
812.847827 169.267751 809.251893 178.561039 2.407676 0.062500 2.590083 
851.109347 68.308258 827.448924 130.842151 2.812017 0.125000 70.377835 
853.201668 354.378935 854.033523 338.171631 4.865281 0.125000 9.461540 
555.913984 174.874325 547.084540 156.772792 2.904841 0.125000 17.942613 
591.874369 169.375568 585.348020 162.124290 2.255200 0.062500 0.235975 
794.347954 275.039326 808.126295 274.403050 2.612664 0.125000 2.065976 
515.241623 233.374683 505.523681 235.030287 4.746398 0.125000 0.171468 
777.345029 203.101451 778.160273 219.373233 2.934708 0.125000 0.967991 
800.600586 176.875579 799.741461 140.645952 2.825264 0.125000 21.854083 
135.936251 164.608378 137.087501 156.906765 5.925919 0.125000 2.229890 
773.829685 136.642452 790.312207 97.991610 2.942006 0.125000 28.263238 
836.491401 361.872964 836.584220 344.386727 3.842837 0.125000 8.275219 
757.155333 299.739754 761.371010 282.052811 4.517269 0.125000 3.662574 
897.030817 349.461099 895.556806 330.728726 4.424842 0.125000 12.198296 
516.082390 0.457606 546.951461 84.804489 3.267386 0.125000 102.234350 
822.625625 127.942202 833.087720 99.361354 2.347656 0.125000 23.561221 
1070.485447 132.997656 1072.881465 106.852682 6.898320 0.125000 21.518321 
612.658047 248.068483 614.555801 274.361951 2.133571 0.125000 5.553189 
612.172542 271.962081 610.101390 249.308588 2.148187 0.125000 7.190227 
628.946019 351.998156 622.975184 331.200289 3.771087 0.125000 1.515876 
740.968726 329.599631 727.122533 350.786768 2.776559 0.125000 10.880566 
802.170472 139.366575 803.204278 175.622739 3.175915 0.125000 20.397611 
547.335288 85.420515 561.196323 116.621187 3.046905 0.125000 24.445156 
186.213519 160.916744 191.724822 149.923069 6.707612 0.125000 5.228059 
78.803226 294.407022 86.213236 290.486919 4.483787 0.125000 0.352560 
584.070501 336.863351 584.270860 353.126283 3.795912 0.125000 5.387997 
631.036030 370.167127 615.652853 373.263384 5.148345 0.125000 20.842258 
597.002223 203.119020 598.998184 245.583958 3.217669 0.125000 21.292186 
719.494268 363.621346 737.145655 366.414732 4.805483 0.125000 13.002809 
726.922607 306.892974 735.862155 283.214535 3.221878 0.125000 11.395868 
755.706166 345.552507 746.300597 335.021597 2.778042 0.062500 0.220893 
656.841217 362.397167 684.339991 361.120772 3.572092 0.125000 21.854083 
821.736527 83.066029 806.816733 118.100186 4.066866 0.125000 20.569930 
852.269861 335.060637 846.546352 343.733061 3.108863 0.125000 1.322912 
845.764649 56.880220 847.448030 11.849693 3.653990 0.125000 25.169033 
685.672133 361.165535 718.194680 363.326153 4.317431 0.125000 25.151142 
596.562920 244.390535 594.508418 203.118359 2.745497 0.125000 16.401624 
619.277929 316.901638 612.372595 291.738449 3.498547 0.125000 18.549222 
769.245066 236.810580 770.901410 265.609102 2.595413 0.125000 7.654322 
615.457660 368.144416 633.140613 365.739815 4.221092 0.125000 14.083648 
508.214572 69.331015 474.456511 0.584973 1.322758 0.125000 37.329391 
477.084298 0.523581 510.971813 70.456945 2.899021 0.125000 85.680652 
704.375094 372.113342 688.124602 372.119775 1.255938 0.062500 1.385963 
766.450594 269.429960 762.567829 239.447153 3.237343 0.125000 7.205390 
619.374991 379.375597 636.889593 379.633344 3.823167 0.125000 2.538171 
751.264440 334.915246 759.202286 342.066706 2.740758 0.125000 0.440864 
768.575340 260.591992 766.746045 235.634452 1.612157 0.125000 1.200493 
579.749806 113.478370 572.013943 94.318900 4.636345 0.125000 6.891279 
527.579724 117.786212 508.928322 78.988812 4.051525 0.125000 23.068107 
544.172313 85.239912 517.712117 13.276814 3.761472 0.125000 68.274044 
760.202856 246.821365 762.557282 283.161781 2.691551 0.125000 12.297382 
776.453938 233.141303 776.065454 223.107946 1.635967 0.062500 2.590083 
472.320648 0.404508 508.265830 73.055322 1.250000 0.125000 36.089401 
683.092111 379.896722 698.230588 379.213064 3.858968 0.125000 8.153825 
99.140425 286.133039 87.964421 280.972779 4.976600 0.125000 1.969681 
685.509665 331.868840 684.440880 351.878519 2.829800 0.125000 8.029355 
906.966591 337.178002 901.963696 349.901382 5.359092 0.125000 9.594374 
834.113749 257.799715 849.519253 255.244811 6.785406 0.125000 20.805662 
508.785794 79.042929 469.593711 0.515843 3.917596 0.125000 72.715354 
609.438691 350.184611 586.868437 346.920379 1.732834 0.125000 0.584111 
776.814306 349.353888 781.603700 335.585041 6.416524 0.125000 5.753530 
786.707018 215.628028 786.481790 203.132087 2.386759 0.125000 3.493173 
959.018385 723.528500 841.066224 608.920900 6.243312 0.125000 319.915553 
99.708609 693.924310 32.447680 721.997110 4.614229 0.125000 96.148927 
656.752243 380.086433 670.523166 379.141276 3.195922 0.062500 3.395956 
624.246968 294.400938 628.286901 314.342200 2.202026 0.125000 3.757065 
358.487469 97.241493 353.608212 85.425465 2.787835 0.125000 0.352560 
607.845147 248.145405 609.211662 266.886910 1.701195 0.125000 3.493173 
558.693655 117.874442 547.382140 92.202315 3.839233 0.125000 13.609743 
585.435972 127.197942 566.371945 117.907242 9.480039 0.125000 41.581372 
806.684781 111.058618 817.498253 84.630009 3.207554 0.125000 31.640911 
682.127433 351.882227 682.700614 331.862849 2.785172 0.125000 15.233343 
606.797509 264.380061 605.334241 241.975629 2.739083 0.125000 2.474326 
409.247950 723.031990 669.341584 470.590571 5.012419 0.125000 461.989949 
832.666253 99.669600 841.497597 75.949886 2.941154 0.125000 21.099336 
584.217442 216.894772 582.479971 203.049083 2.791825 0.125000 0.442932 
686.764851 327.377207 700.763494 325.315226 5.857414 0.125000 1.852074 
559.512875 121.558068 549.170563 121.051864 10.232476 0.125000 21.612105 
790.267299 97.212353 797.821057 77.232678 3.792802 0.125000 10.015331 
104.185979 198.624187 108.236335 190.015504 4.524253 0.125000 1.405517 
1089.473531 153.671782 1080.780562 155.238269 3.529151 0.125000 1.686993 
616.723715 290.653196 619.776582 307.033127 2.915737 0.125000 8.052122 
822.015873 91.878277 821.172287 128.137733 2.760987 0.125000 8.567033 
1015.535477 399.367347 1012.431940 435.672610 3.055402 0.125000 20.397611 
1016.498479 426.931356 1019.239518 384.446907 3.339814 0.125000 19.967683 
809.112512 459.370651 808.511734 495.631408 2.623902 0.125000 25.936854 
878.073510 243.610479 791.734116 234.453343 6.007982 0.125000 142.103973 
818.220632 262.215912 830.458890 258.782847 10.831884 0.125000 15.553687 
108.988746 697.189596 315.180059 612.047472 3.219231 0.125000 280.716209 
868.125695 688.030505 829.368601 687.745626 2.665311 0.125000 19.654610 
546.346980 121.253665 538.139594 118.087172 6.738439 0.125000 0.445528 
315.765328 612.213106 649.596796 473.659397 3.434839 0.125000 348.718049 
630.462803 283.749075 679.081905 281.226344 10.375200 0.125000 113.956158 
928.715287 560.457859 1274.796799 704.612359 3.489387 0.125000 484.681011 
826.852114 126.866479 846.863312 73.120648 1.470551 0.125000 17.506697 
702.913886 471.155249 928.057569 560.794364 3.258222 0.125000 232.031076 
728.117720 351.593162 746.855220 351.109188 2.918750 0.125000 9.296701 
517.104519 15.636129 514.740420 64.392718 2.459305 0.125000 22.991918 
1048.628804 605.610168 796.975603 505.372429 4.092943 0.125000 292.624229 
731.874175 94.936623 781.877740 95.010102 6.286730 0.125000 90.713208 
41.959744 722.096898 92.518969 702.788133 6.366987 0.125000 94.487878 
584.212230 164.291421 585.086659 175.666384 2.301028 0.125000 0.783903 
661.549687 475.280197 557.954727 573.019415 3.909663 0.125000 145.103385 
844.825707 73.289125 828.053091 119.348814 1.391719 0.125000 19.988241 
864.059701 637.181813 950.078366 722.426597 5.686664 0.125000 271.407973 
492.474014 225.593476 492.794318 244.380638 3.855997 0.125000 3.020659 
93.256072 703.450517 108.328872 697.381313 3.027111 0.125000 7.190227 
886.883118 720.525617 869.194821 719.080701 3.839321 0.125000 13.176643 
705.622824 207.796798 740.631482 207.879451 6.241129 0.125000 45.932143 
787.400427 164.363717 787.642482 175.635362 1.491247 0.125000 1.686993 
830.610953 691.272677 864.377970 691.016600 2.509407 0.125000 26.151264 
816.866323 627.413380 790.623140 626.990411 1.612430 0.125000 4.860021 
608.434027 129.480924 588.756244 124.165756 11.283804 0.125000 53.757614 
745.832566 291.868754 746.396304 310.601789 1.775828 0.125000 7.105533 
751.782403 254.380701 753.631823 284.420754 2.437126 0.125000 4.816562 
790.622768 629.830867 816.876074 629.757078 1.313234 0.125000 3.493173 
604.138421 490.047139 381.583266 581.162420 3.478422 0.125000 232.481255 
1262.068251 695.160399 1109.012380 631.496787 5.813123 0.125000 234.224376 
851.675199 225.198241 863.782673 219.529738 2.944232 0.125000 0.442932 
750.479119 294.389450 750.103759 258.130396 3.840376 0.125000 5.530431 
795.739450 505.334255 723.167619 476.766733 2.326255 0.125000 54.900109 
786.856372 624.658628 810.621637 624.200527 1.273858 0.125000 0.440864 
512.898611 46.859345 514.717096 20.562217 2.062877 0.125000 11.074981 
876.872912 698.368152 835.615221 698.013901 2.671628 0.125000 21.550904 
208.216831 653.349277 93.072107 700.495822 2.313572 0.125000 104.737120 
547.770161 582.755106 462.290809 664.755417 5.821275 0.125000 191.271971 
689.341158 353.033369 710.640667 352.496105 2.499205 0.125000 9.779626 
800.637894 646.031909 830.630879 646.490624 1.632162 0.125000 21.774285 
613.222575 420.617762 614.619564 439.449586 2.678097 0.125000 8.915280 
235.733499 640.875165 221.422623 647.081963 5.125785 0.031250 1.148114 
807.076192 269.756319 815.468493 265.328372 6.233218 0.125000 1.205508 
855.709769 262.177790 866.894895 262.609314 5.140851 0.125000 1.440354 
868.201379 260.546549 875.192578 267.353070 7.094093 0.125000 5.318411 
984.373430 105.525720 1006.867804 105.169988 5.216794 0.125000 30.161012 
805.698062 481.878652 806.760799 460.619291 2.933742 0.125000 8.153825 
836.874894 701.284898 871.875094 701.290538 1.255640 0.125000 10.717893 
744.295313 311.878643 743.380349 291.863327 1.990761 0.125000 7.288040 
831.880366 643.965516 799.369568 643.539522 1.577444 0.125000 22.667646 
414.364742 527.931845 431.881720 527.001539 3.811015 0.125000 9.925704 
875.621256 227.455385 853.121959 227.581187 5.069813 0.125000 17.701817 
1179.435419 41.830753 1139.231268 39.953919 7.316972 0.125000 45.961173 
55.602547 228.516571 86.896528 227.698039 6.607388 0.125000 36.237541 
650.621046 353.424050 680.625725 353.299302 3.796740 0.125000 27.862789 
866.786191 216.069798 836.738116 219.383917 4.969863 0.125000 18.993551 
844.378666 125.931356 830.622158 125.949324 6.258158 0.125000 13.625015 
747.140842 475.632048 747.638452 456.862101 2.565376 0.125000 7.190227 
596.069083 334.630028 609.861142 340.785795 4.952797 0.125000 1.569322 
626.792872 151.704056 644.429940 151.161738 7.650128 0.125000 17.445886 
793.118727 634.932027 820.627788 634.683008 1.442301 0.125000 3.974557 
511.957854 65.630097 513.107028 46.950796 2.648795 0.125000 0.171468 
645.580359 151.468371 666.876633 151.752722 7.699596 0.125000 21.391571 
580.671815 295.844661 609.446828 289.712023 5.311170 0.125000 27.714866 
825.624148 638.167199 796.860637 637.586709 1.653293 0.125000 9.814803 
557.458904 573.649404 548.240207 582.112156 3.607817 0.125000 11.620983 
860.627267 679.072752 823.120001 678.791373 1.475018 0.125000 11.511612 
828.010225 205.783078 855.733585 208.042862 7.143318 0.125000 13.641068 
1275.775547 701.517127 1262.305854 695.850798 2.789101 0.125000 4.671464 
280.615349 673.182695 296.829823 675.895066 2.062354 0.125000 0.336586 
1238.104116 417.918405 1254.439904 416.267050 1.984445 0.125000 1.200433 
873.483666 139.481330 826.055207 136.005212 12.864560 0.125000 116.893079 
883.131058 709.172142 845.589879 708.050952 2.498886 0.125000 17.869251 
796.977091 268.136371 804.800208 260.886236 7.848485 0.125000 4.067756 
816.869990 229.854334 845.626215 229.902687 7.499989 0.125000 49.841266 
863.922778 219.333267 875.842295 223.794422 3.655856 0.125000 1.405517 
1095.650192 46.803255 1075.605903 47.231814 5.239335 0.125000 30.199966 
824.373916 682.061620 856.872819 682.250428 2.529006 0.125000 20.842258 
638.107979 127.505059 609.242456 128.297608 20.507083 0.125000 137.320273 
1090.746601 60.023322 1100.354174 61.965040 8.328973 0.125000 12.198296 
1008.056421 105.189011 1020.782029 106.261123 7.263647 0.125000 8.060595 
1138.160214 39.941020 1119.348170 39.598486 5.249493 0.125000 7.936412 
88.124785 110.627539 113.157117 112.745385 4.771443 0.125000 20.526739 
654.378509 309.559316 679.393240 309.083071 3.844496 0.125000 13.855695 
734.348128 475.895251 745.734138 477.027409 2.487732 0.125000 0.440864 
750.856598 455.613452 751.851333 475.563855 2.683643 0.125000 7.178725 
809.375721 659.855072 841.874522 659.885518 1.280447 0.125000 7.105533 
849.370896 670.799369 818.108793 670.063652 1.514336 0.125000 8.911713 
361.861565 589.342592 305.458793 612.724060 4.757403 0.125000 65.671246 
735.669736 213.770236 715.686617 212.292033 4.016423 0.125000 10.807344 
865.622395 93.722804 915.626893 93.940707 7.581634 0.125000 93.395722 
796.885097 640.183257 824.370736 640.811530 1.392500 0.125000 3.493173 
840.635992 657.659905 810.623214 656.950565 1.781281 0.125000 16.066422 
688.132657 208.393750 704.405061 207.930145 2.854970 0.125000 17.039523 
914.438186 332.452194 929.981846 322.858175 6.565452 0.125000 15.969450 
214.383057 109.686622 191.865791 110.268841 4.104156 0.125000 11.813359 
129.377884 105.555858 76.812920 103.363347 7.130148 0.125000 105.824897 
705.696595 135.482477 635.881147 131.892972 14.367259 0.125000 315.549273 
680.622048 356.239952 655.622624 356.119965 1.357975 0.125000 8.911713 
810.717043 474.892395 824.717195 476.651350 7.441498 0.125000 16.444378 
129.219490 681.502631 100.294056 693.582552 2.598581 0.125000 9.461540 
929.128799 325.575884 942.110137 323.115733 6.838950 0.125000 15.428033 
1124.379812 679.543384 1094.368599 680.401003 1.856496 0.125000 18.203177 
269.699105 627.649386 242.910067 638.861460 1.823560 0.125000 13.745498 
519.384485 69.321406 534.143438 71.933420 4.705652 0.125000 5.063784 
794.143194 134.283262 780.519417 132.971911 8.829510 0.125000 31.098886 
540.629575 669.636962 519.386056 670.007996 1.511755 0.125000 3.974557 
1036.859664 61.462039 1056.971190 60.715169 12.769721 0.125000 47.436022 
1055.694377 60.029851 1091.830325 60.477921 13.609459 0.125000 107.843420 
674.348784 154.781493 719.404820 154.428217 8.975147 0.125000 66.558032 
1263.105397 415.307277 1275.634824 414.534224 1.863446 0.031250 2.166095 
462.092945 665.853846 450.575302 676.822816 2.112206 0.125000 7.105533 
525.401559 115.638040 490.013380 118.817488 17.429794 0.125000 128.998478 
569.205806 72.101967 587.044487 74.145483 5.821095 0.125000 20.000787 
805.601820 653.624441 838.109418 652.620472 2.460222 0.125000 10.595616 
838.127542 650.453732 804.366426 649.952626 1.639441 0.125000 19.095581 
1206.878995 418.168367 1193.130505 419.434762 1.932656 0.062500 2.590083 
844.382593 664.027897 813.120209 663.343987 1.851160 0.125000 23.131466 
816.863818 673.479603 831.877087 673.292112 1.968460 0.125000 0.783903 
1060.224242 18.110446 1103.301273 22.731970 9.942942 0.125000 116.798979 
1095.663484 683.722955 1119.395631 682.195556 2.253987 0.125000 12.546456 
753.032194 154.820613 761.951898 153.791500 5.253587 0.125000 2.385782 
788.124881 86.071456 733.124885 86.056793 8.752999 0.125000 112.057591 
973.016789 86.469675 910.423121 78.450832 7.218678 0.125000 107.420238 
856.853531 711.720173 881.868422 712.210555 2.769017 0.125000 2.292832 
577.732080 481.884530 577.154891 458.087892 2.681124 0.125000 16.066422 
49.277394 115.811970 75.691350 114.697346 6.349845 0.125000 23.573712 
660.640350 206.528061 675.666241 207.192874 3.912090 0.125000 6.494163 
438.037977 517.732198 454.583609 514.066615 3.522314 0.125000 0.445528 
553.082391 215.597113 568.120257 215.343640 5.062490 0.125000 9.002030 
576.665936 93.288341 588.217876 94.997127 7.053445 0.125000 5.971239 
1077.208931 45.068126 1063.227404 47.470885 11.125798 0.125000 40.943633 
724.452698 426.875092 724.479303 404.375123 1.264780 0.125000 1.686993 
943.126802 207.304994 976.872423 207.334377 8.760881 0.125000 86.321907 
1104.064048 22.187614 1132.051143 25.281758 5.394207 0.125000 43.081928 
452.031891 113.831130 394.389433 112.499992 13.400032 0.125000 193.641952 
1254.463363 414.016359 1238.126083 415.635921 1.747935 0.125000 0.783903 
908.301141 247.325677 895.591938 244.525035 4.075849 0.125000 2.571666 
1134.383866 688.692507 1110.620138 689.063741 1.581772 0.125000 10.185617 
444.665534 680.910518 437.142768 688.394167 5.312499 0.031250 1.621477 
525.763629 500.639358 525.424348 474.377592 1.923234 0.125000 4.396263 
710.616415 214.550469 688.117231 214.414972 3.795098 0.125000 9.707814 
74.479725 206.722529 49.306768 207.845518 11.517364 0.125000 62.125554 
75.723101 104.585782 50.555053 103.507246 8.902530 0.125000 42.722155 
94.543191 209.158900 73.670687 206.764401 11.604091 0.125000 64.456368 
485.115523 280.635601 484.231023 238.127996 2.161402 0.125000 28.999473 
721.638092 404.377463 721.872026 426.875031 1.353909 0.125000 1.686993 
858.076507 234.932579 875.630942 235.403521 7.463780 0.125000 17.590138 
863.403544 40.374203 883.186100 44.045791 8.146880 0.125000 33.432711 
1004.322549 98.301762 978.135097 99.581600 6.242549 0.125000 28.247103 
589.282635 95.129631 604.308331 95.821951 3.630959 0.125000 7.228113 
785.316217 374.353966 786.266126 416.860673 2.639012 0.125000 11.802563 
892.897600 444.375873 893.084668 493.125155 2.567135 0.125000 15.508981 
974.541458 227.328055 941.743902 230.533724 5.827465 0.125000 23.218945 
1114.358019 692.420149 1140.622890 691.787403 1.550687 0.125000 5.299353 
48.137762 207.174589 5.624693 206.928014 6.394892 0.125000 70.813834 
381.290907 581.011028 362.586911 588.624052 4.281862 0.125000 20.015695 
523.768390 438.124229 523.790868 456.874202 2.511987 0.125000 6.329678 
533.254860 219.977949 544.520715 217.551561 5.846713 0.125000 2.249830 
720.616587 152.582321 751.871382 152.716662 6.368143 0.125000 30.669344 
785.623361 619.417265 813.130469 620.483962 1.641244 0.062500 0.976351 
1108.397274 631.217769 1048.971415 606.599200 4.025306 0.125000 100.856620 
1099.371957 62.647060 1141.876228 62.572200 10.033007 0.125000 100.500322 
1005.382768 11.826155 1059.836264 17.207451 10.118353 0.125000 171.492570 
1066.857383 667.536348 1095.619032 666.675589 1.585972 0.125000 9.296701 
816.184005 132.286864 807.050701 134.040228 8.543828 0.125000 13.483992 
844.379863 165.529723 859.468152 166.299759 6.178165 0.125000 14.200315 
931.937817 249.886180 905.635094 249.055411 6.562576 0.125000 49.823175 
931.865882 257.999475 915.610854 259.180268 2.221739 0.125000 0.352560 
1098.120486 664.165464 1065.635563 664.865310 1.438174 0.125000 8.911713 
1142.982789 63.114660 1174.415833 64.910140 7.701649 0.125000 51.834223 
430.083164 696.303063 403.732807 721.266574 2.865600 0.125000 26.013509 
774.377956 134.136043 705.619585 134.193935 20.027357 0.125000 367.310503 
813.132428 666.142367 844.379216 666.459175 1.516068 0.125000 23.361153 
816.741311 208.877757 827.634280 205.949063 5.944588 0.125000 0.607552 
570.663799 210.936888 540.611807 209.693992 2.446211 0.125000 14.920026 
598.759698 57.336815 588.103501 60.553783 4.899530 0.125000 4.843249 
908.120009 88.211674 860.561762 85.473256 5.664814 0.125000 54.008333 
945.531137 249.811059 933.076533 250.163818 7.780116 0.125000 26.879974 
1035.745141 91.271167 1017.995653 90.120877 8.489166 0.125000 18.906465 
503.279595 693.703971 494.177261 696.134450 2.695538 0.125000 0.783903 
585.016118 463.132816 584.787563 481.880030 3.673531 0.125000 1.038844 
85.634900 127.959003 113.129879 128.061107 6.310302 0.125000 30.312485 
599.229389 43.661373 609.491144 46.447173 4.601481 0.125000 5.482477 
784.129828 283.589118 794.432018 282.348474 4.515779 0.125000 0.967991 
855.723813 208.999384 875.650189 210.210608 4.459900 0.125000 20.811703 
911.401149 266.407680 924.619321 262.760461 4.607292 0.125000 2.474326 
1009.354013 636.347081 1031.868124 635.452044 1.596590 0.125000 3.974557 
662.206724 301.811488 649.435322 300.158840 7.481643 0.125000 2.534708 
898.120819 237.907195 910.640200 237.666888 3.917233 0.125000 0.967991 
930.652406 138.698055 918.119385 138.519804 7.570347 0.125000 17.219893 
922.961332 210.915937 943.312677 209.408124 7.941291 0.125000 59.155877 
1017.000600 133.741522 994.397794 129.260034 8.329218 0.125000 41.638512 
288.136679 658.858203 310.625194 659.366428 1.588584 0.062500 3.158130 
324.369933 650.891853 303.127592 650.488512 1.850819 0.125000 0.783903 
564.339035 227.448139 543.094251 226.115021 4.129062 0.125000 4.386460 
710.794649 509.259782 729.494498 536.793842 2.261811 0.125000 11.205261 
894.772144 142.734539 874.360450 140.776692 10.959904 0.125000 52.528195 
1068.139742 92.570784 1036.812159 91.737486 6.380741 0.125000 40.547139 
1204.312818 719.701918 1179.341928 721.384046 2.326319 0.125000 10.590133 
445.597551 68.509632 475.711800 70.658704 6.412103 0.125000 38.751962 
587.489959 72.816027 616.992818 66.146143 10.898686 0.125000 99.256806 
1065.542542 122.397567 1050.906949 120.088171 3.428323 0.125000 3.202199 
746.806212 8.974084 776.907849 8.260297 7.794216 0.125000 84.526784 
786.408512 461.874431 786.396315 471.875941 2.506096 0.062500 0.508998 
1000.609932 617.854119 983.094597 618.828455 1.525779 0.125000 0.783903 
1063.053772 33.732953 1085.682508 36.384152 5.111489 0.125000 10.654729 
1133.119873 25.034709 1145.640642 24.925964 7.478005 0.125000 6.477717 
613.732076 399.361077 613.352702 416.879931 1.547396 0.125000 2.590083 
776.811798 7.744820 805.685206 8.605678 11.356759 0.125000 82.476286 
1080.621121 656.786246 1054.366643 657.933803 1.849233 0.125000 13.427163 
979.372510 12.493387 1001.891869 12.404623 14.975248 0.125000 79.757250 
1028.113807 632.942891 1009.357832 634.095669 1.707742 0.125000 2.590083 
19.299676 226.431388 29.390903 225.982580 6.242593 0.125000 2.737806 
143.137065 105.425785 130.606714 105.321470 6.322625 0.125000 4.925868 
544.371624 496.858443 560.462482 493.577866 2.699319 0.125000 4.612991 
611.185640 32.883184 598.983430 39.668693 6.554696 0.125000 10.226773 
638.637864 454.382084 638.827994 440.617444 1.405262 0.125000 3.493173 
813.123901 617.940088 789.375216 617.915585 1.274504 0.125000 1.686993 
943.046548 92.765181 968.108860 91.543806 5.269077 0.125000 31.527699 
695.624928 291.818575 675.624961 291.844134 2.515972 0.125000 3.202199 
707.881970 299.121034 680.491231 303.547185 4.898405 0.125000 10.454746 
497.137417 507.074420 524.421994 502.134562 3.138482 0.125000 11.031873 
596.911063 83.281261 580.511569 83.701823 8.747124 0.125000 18.679486 
1053.192470 40.877871 1040.591236 40.499517 6.547301 0.125000 10.807344 
614.287938 59.134185 599.291710 57.840464 5.303811 0.125000 11.395868 
911.851041 238.779197 923.133063 238.325510 2.021640 0.125000 1.686993 
934.367309 243.528513 950.635224 243.838585 1.511805 0.125000 2.065976 
30.621573 227.007816 54.388003 227.620992 4.135625 0.125000 15.659434 
603.019398 11.917290 630.683163 10.728639 7.868708 0.125000 48.281541 
1005.629604 155.601338 990.473729 152.652463 3.680971 0.125000 7.322962 
1104.614293 540.634794 1103.694968 563.097168 2.395676 0.125000 8.915280 
1162.672790 24.501069 1181.719014 27.780838 6.371474 0.125000 12.425594 
49.584006 103.388281 30.417342 101.597288 8.712048 0.125000 49.073539 
889.404359 122.239133 861.799811 122.741231 8.748553 0.125000 60.281382 
12.797715 199.738009 1.748961 197.496179 2.819331 0.125000 0.336586 
636.304496 423.122803 636.203395 449.372413 2.528868 0.125000 13.144336 
731.876251 233.759884 718.126308 233.731915 1.275424 0.125000 2.590083 
893.075289 43.959844 908.305942 42.136121 5.410378 0.125000 13.637182 
918.186306 219.744578 903.085444 218.693070 3.827772 0.125000 3.009377 
900.626425 660.419795 919.375521 660.550004 1.310736 0.062500 2.590083 
988.137165 130.861969 943.099274 131.230423 12.765454 0.125000 154.084668 
1003.121215 137.554905 991.871564 137.492285 1.312602 0.062500 0.235975 
1160.623651 698.055011 1129.385255 698.657072 1.514724 0.125000 6.632960 
1146.571579 24.893365 1156.056193 23.441116 6.367190 0.125000 5.990360 
530.608010 61.793312 516.929745 64.638214 6.373587 0.125000 2.530070 
908.307732 123.880776 890.479585 122.013031 7.257917 0.125000 27.981535 
895.665866 210.912598 918.181273 211.328484 6.364359 0.125000 17.952041 
1024.377804 26.739086 1048.143476 27.229334 4.058563 0.125000 9.460568 
479.238165 144.508665 495.650133 143.559629 5.950930 0.125000 4.979121 
528.564307 476.871071 528.787857 501.869072 1.451153 0.125000 9.913563 
577.986323 453.128250 577.517805 433.139232 1.542561 0.062500 3.158130 
750.324546 401.829218 751.409750 424.337164 2.256308 0.125000 3.202199 
816.884340 632.734223 800.613758 632.345356 1.548308 0.062500 4.298807 
925.173313 262.851272 938.341883 260.706839 4.734084 0.125000 0.607552 
1105.624632 671.820923 1079.375848 671.999592 1.266988 0.125000 2.590083 
726.866331 8.705608 745.677928 8.461989 10.031535 0.125000 48.546080 
948.154762 10.350354 963.140808 9.893066 10.262223 0.125000 30.398597 
1133.122566 701.799221 1151.893350 701.196385 1.730843 0.062500 0.152857 
459.870120 662.341619 442.028411 679.534203 2.405585 0.125000 1.440354 
768.074927 77.187668 785.722857 80.013965 4.888820 0.125000 3.271849 
862.172962 122.668415 845.190431 125.144736 11.853723 0.125000 38.517262 
924.146463 89.864139 942.156760 92.230843 6.260263 0.125000 27.036354 
1054.365690 660.390920 1081.871896 659.296948 1.795443 0.125000 13.427163 
319.383475 59.200689 366.832078 61.507763 3.502749 0.125000 32.883745 
968.124617 699.391710 946.885760 698.905241 1.478659 0.062500 2.590083 
74.359382 214.944511 90.631424 215.390741 2.807455 0.125000 5.542544 
480.835914 117.981039 458.169010 117.051643 14.199346 0.125000 83.601001 
1243.110504 437.965089 1255.621012 436.831008 1.809146 0.062500 0.235975 
962.433043 9.084777 979.740736 12.546323 11.031532 0.125000 75.576585 
1094.899903 339.363266 1095.179816 351.884952 1.501110 0.062500 0.886886 
326.875000 644.375000 305.625000 644.375000 1.250000 0.125000 0.783903 
633.180016 61.429193 613.328086 58.979333 3.552857 0.125000 7.992719 
916.357038 141.376633 904.525166 144.881880 11.496730 0.125000 13.966732 
935.625000 671.875000 915.625000 671.875000 1.250000 0.031250 2.806446 
936.868798 692.045467 956.887778 692.773768 1.749075 0.125000 6.632960 
74.368157 182.419457 120.601683 181.971018 4.113535 0.125000 26.695397 
476.791660 71.570216 498.114401 70.427272 4.413690 0.125000 17.401263 
948.120846 702.008475 968.140358 702.631556 1.677139 0.125000 7.105533 
1064.371648 650.547354 1043.107315 651.465356 1.734058 0.125000 8.911713 
405.614047 707.057880 389.347531 706.083635 1.621424 0.125000 0.783903 
971.679841 145.564230 949.120342 147.283510 10.339498 0.125000 47.749022 
1021.871288 627.968270 999.383902 628.500859 1.338439 0.125000 1.686993 
314.315479 83.714481 299.216983 82.189962 5.351433 0.125000 2.227087 
642.986355 14.945207 676.831078 12.513650 7.577553 0.125000 42.598323 
944.203998 130.646393 912.285938 123.728889 9.243585 0.125000 86.259066 
420.404952 699.135794 395.652951 721.905384 1.877797 0.125000 8.275219 
618.124035 66.878841 633.414931 70.721202 9.095446 0.125000 10.791024 
729.363027 28.537263 765.620150 28.798414 3.911961 0.125000 29.252984 
985.701510 143.183482 971.848100 142.293924 3.501992 0.125000 6.329678 
1081.865079 674.514017 1105.624347 674.301850 1.250000 0.125000 1.686993 
693.051128 2.745353 710.741969 4.246886 5.193517 0.125000 3.231405 
854.431984 98.342341 864.708738 95.647896 5.470565 0.125000 0.445528 
261.874395 78.913041 245.625364 78.900565 3.750959 0.125000 2.474326 
767.955540 503.485262 751.760877 495.867618 1.663167 0.062500 2.818180 
282.041198 51.684420 260.501052 49.199362 4.584854 0.125000 7.522596 
651.888854 88.135663 614.379568 87.716353 2.835187 0.125000 19.033412 
48.074603 197.348866 19.364488 199.213112 3.742119 0.125000 15.372445 
1031.851622 647.392638 1054.368580 646.673877 1.408887 0.125000 1.686993 
80.467164 75.662081 38.143770 70.471938 4.529896 0.125000 35.692780 
349.363813 53.620989 320.600252 52.972241 5.308774 0.125000 18.123796 
919.373642 674.405936 936.894747 675.175254 1.797119 0.125000 0.352560 
497.842059 143.672497 507.983770 142.776477 4.020722 0.125000 0.442932 
678.103552 3.390303 691.901459 3.089765 3.885212 0.125000 2.571666 
789.457816 71.225607 770.550227 73.832727 4.568570 0.125000 14.617755 
863.159062 63.897925 886.966197 65.597671 6.056093 0.125000 20.267459 
634.074081 69.137659 640.807173 67.775418 4.171284 0.125000 0.783903 
926.880318 665.225792 910.633200 665.009377 1.433027 0.125000 0.783903 
948.147508 148.613729 926.872195 148.375638 5.041650 0.125000 7.774711 
106.961772 88.695121 91.888235 86.771299 3.587653 0.125000 2.781079 
984.429062 148.569734 973.043407 149.953787 3.085095 0.125000 2.065976 
1043.139036 654.557038 1063.116648 653.016674 1.726778 0.125000 2.205932 
700.688228 125.053989 683.126725 123.109421 3.314509 0.125000 1.205508 
714.611216 33.727333 728.652740 28.220701 3.650963 0.125000 8.915280 
149.393611 74.397581 111.886431 74.674305 5.221195 0.125000 34.827032 
473.885573 63.351791 461.502826 59.247995 4.732469 0.125000 0.738597 
169.193681 74.279143 156.611469 72.302448 5.521412 0.125000 3.293921 
199.373186 71.847890 179.462347 73.180281 3.992014 0.125000 12.013913 
