204.199459 408.095620 218.199212 410.108965 3.889748 0.125000 4.499096 
0.237760 383.626662 458.222454 294.877908 6.071732 0.125000 1078.503377 
18.150808 469.568771 0.465078 471.924255 2.727028 0.125000 2.688318 
318.125353 465.614461 304.432614 465.155632 2.917224 0.125000 0.532096 
298.121364 385.777932 319.418763 386.284282 3.422124 0.125000 6.238593 
0.460984 474.736464 16.901883 473.475520 3.356664 0.125000 10.655324 
499.357461 381.032835 473.102262 379.903735 2.981049 0.125000 14.404173 
319.474410 436.950036 306.951119 437.889586 3.208008 0.125000 0.532096 
646.851429 377.094919 628.181927 375.093878 3.195784 0.125000 8.373261 
673.132372 370.396926 613.114272 368.456870 4.189699 0.125000 63.431262 
297.938500 397.281230 313.293489 393.887283 5.151941 0.125000 0.010738 
559.409959 370.626946 664.397612 373.567725 3.808051 0.125000 105.820579 
438.170486 468.919963 421.830935 469.854881 2.852947 0.125000 0.545202 
815.729954 415.039715 825.871847 413.438374 3.469016 0.125000 0.427249 
801.965135 441.328624 825.804315 438.274782 4.196093 0.125000 9.590840 
335.778974 313.976014 275.271920 324.923521 4.053974 0.125000 105.255905 
651.932069 439.749273 574.388182 441.288905 6.066009 0.125000 137.221589 
684.039045 437.659599 668.019418 435.014423 5.962857 0.125000 7.080242 
810.589874 460.223210 825.693002 458.902850 3.143682 0.125000 7.249860 
56.359231 313.005142 70.463051 307.694871 4.390397 0.125000 5.205234 
74.051168 471.873978 95.482960 466.326274 4.072160 0.125000 30.561045 
271.863965 393.491995 283.141355 393.831086 2.611576 0.125000 0.480070 
453.087246 368.635248 534.407078 370.379428 3.491185 0.125000 90.799859 
385.502343 369.594288 361.709454 367.608037 4.566711 0.125000 15.520415 
66.415210 470.853710 76.596839 474.019582 5.831585 0.125000 4.719282 
135.857198 435.909881 123.082261 437.842485 4.081759 0.125000 5.763431 
604.391365 407.323146 589.372110 407.016626 2.780037 0.125000 8.025715 
65.600827 457.725882 83.112297 456.665264 3.592000 0.125000 3.657988 
566.876228 356.802827 509.371605 355.824598 3.366759 0.125000 48.485508 
129.140062 454.881049 150.975667 447.985416 3.889643 0.125000 19.469404 
609.376431 368.029606 579.372477 367.997700 3.780570 0.125000 33.619406 
439.429702 413.216312 393.105911 411.029348 4.040565 0.125000 76.876788 
825.691577 410.298294 805.510721 406.185791 3.494374 0.125000 11.800748 
89.495854 454.435523 69.359496 453.437952 4.684625 0.125000 5.899302 
79.025946 361.291661 0.274733 376.285287 5.962745 0.125000 150.136546 
603.027912 456.319641 619.309276 458.595240 3.514096 0.125000 11.510315 
823.796018 241.075898 732.383340 450.300961 5.582691 0.125000 389.721935 
283.157094 474.055942 264.221478 472.151222 4.481803 0.125000 11.657037 
348.140136 423.739340 266.876681 421.804384 3.659672 0.125000 62.078398 
161.902069 416.557964 181.969234 418.271315 5.300892 0.125000 12.111879 
316.874946 375.643733 330.628415 375.683136 2.528639 0.125000 2.120615 
274.360706 324.298786 77.230398 361.269983 8.141073 0.125000 380.569589 
624.329237 459.438358 614.197708 452.120458 4.616083 0.125000 8.243144 
444.414406 383.228681 466.887849 384.001233 3.232448 0.125000 13.214907 
685.602826 417.830647 526.822295 414.146489 5.227774 0.125000 248.057246 
683.144558 359.851447 628.116526 358.460173 3.654021 0.125000 45.371269 
284.379192 390.357933 271.882270 390.161794 2.499538 0.125000 2.243093 
520.773750 471.192283 507.294968 474.726618 5.153543 0.125000 1.056333 
341.066280 467.927073 332.800412 472.543860 3.657227 0.125000 1.256768 
525.625187 414.342284 503.118773 414.213532 2.607219 0.125000 15.225393 
244.361631 401.679954 258.132610 400.736025 1.780741 0.125000 1.704085 
373.018593 373.552499 384.401507 372.079894 3.281217 0.125000 0.532096 
403.097997 362.552348 385.526259 361.851832 4.946238 0.125000 10.883438 
39.307220 328.049587 51.193292 317.366525 3.071315 0.125000 8.972304 
64.895563 305.379738 50.991976 312.583300 4.025263 0.125000 6.308179 
541.785097 276.384655 336.578654 314.008690 3.606822 0.125000 230.680643 
628.183890 375.987680 609.322103 376.676459 4.203663 0.125000 7.193954 
123.139031 440.013796 139.409152 440.387298 2.728845 0.125000 2.970851 
656.870450 421.041049 664.377046 421.000094 2.534062 0.062500 2.306145 
280.657812 450.974909 265.632212 450.427169 3.793048 0.125000 12.431794 
589.350926 406.493361 563.121086 405.766174 3.609995 0.125000 20.183472 
255.781744 408.307333 239.156031 405.866522 6.036366 0.125000 30.238120 
499.381781 365.534252 476.876035 365.420420 2.613769 0.125000 18.862795 
508.103311 352.589551 586.856636 354.980010 2.576790 0.125000 82.769193 
555.670899 470.979802 539.370282 473.088528 2.960449 0.125000 9.082489 
121.882718 469.195574 99.363126 469.073976 3.763444 0.125000 36.924595 
217.811603 432.418489 190.490559 427.644369 4.279869 0.125000 34.467103 
260.688761 469.180381 253.176084 466.719075 5.078543 0.062500 0.095997 
688.218378 429.960879 702.046513 431.905164 5.841037 0.125000 3.536448 
120.908646 330.656437 122.018675 320.640924 3.035568 0.125000 0.394779 
216.901040 471.309121 180.670238 469.641917 4.075363 0.125000 27.605940 
643.138188 399.010661 603.120435 398.683752 4.005151 0.125000 64.221229 
653.492750 459.872560 637.933003 452.267839 4.466896 0.125000 7.792902 
354.340866 401.522218 323.088544 400.333235 2.830843 0.125000 27.071446 
688.130352 400.034907 660.643950 399.785616 3.987913 0.125000 37.865428 
314.359271 390.987230 293.040911 390.061544 5.483330 0.125000 17.643705 
363.370379 462.517355 374.779063 467.124395 5.349396 0.125000 7.107013 
90.650661 303.689070 75.624927 303.126955 2.731902 0.125000 3.033554 
465.655791 381.542263 443.117452 379.456566 2.258998 0.125000 8.949536 
449.327476 348.550854 428.063305 346.177841 3.316389 0.125000 7.014217 
535.594022 467.673110 591.856296 469.856880 5.324156 0.125000 65.106896 
433.171354 352.719595 420.550505 351.276513 3.583723 0.125000 2.325698 
60.670826 320.782556 69.408766 318.241094 3.949886 0.125000 0.427249 
728.407236 478.021263 785.982841 338.272428 12.371257 0.125000 431.219891 
48.653187 316.791254 28.866600 325.752437 5.371489 0.125000 16.326302 
418.109443 367.633257 449.423201 368.275729 3.723570 0.125000 25.313311 
69.413567 338.133354 65.624791 355.624955 5.945159 0.125000 17.067008 
333.235626 473.327415 306.752944 470.530819 5.103623 0.125000 17.203803 
794.339678 387.009388 806.953880 390.324893 3.371144 0.125000 0.072464 
396.855413 392.691319 381.829608 393.369940 3.633387 0.125000 10.655324 
531.875928 475.808038 554.369015 475.694036 2.594997 0.125000 12.588268 
640.622922 345.739419 663.138197 346.148316 2.590377 0.125000 4.499096 
468.140606 382.794445 514.346632 384.975874 2.684764 0.125000 35.369679 
459.037867 295.113883 568.098446 274.236285 4.731763 0.125000 207.278431 
583.199668 396.148088 565.573008 396.890380 5.363725 0.125000 16.127719 
76.885947 474.731316 129.378071 475.374318 4.316216 0.125000 90.411733 
261.680539 419.590719 288.269905 417.327162 4.133747 0.125000 30.349354 
324.377847 396.788319 360.629800 397.978835 3.542840 0.125000 38.712179 
199.357142 447.873321 183.012045 449.033106 3.652123 0.125000 10.674472 
614.445541 406.159111 604.616978 407.457181 3.787820 0.062500 0.564384 
703.128443 339.125306 668.125758 339.044953 2.574600 0.125000 27.943023 
480.652640 436.110602 465.491668 435.562398 6.607271 0.125000 7.718460 
825.622594 473.229161 806.853734 472.795581 3.893343 0.125000 11.139342 
322.002036 410.195226 296.768225 408.286874 3.739322 0.125000 20.424941 
805.642753 421.463625 825.659418 422.327456 5.049245 0.125000 18.516275 
384.214215 471.182860 394.445153 474.131599 3.554430 0.125000 4.894738 
808.121269 386.735539 825.629471 386.794363 2.546183 0.125000 0.875535 
60.527173 476.192803 37.839190 472.283885 4.673602 0.125000 15.783139 
501.854477 435.439340 481.840698 435.725435 6.285095 0.125000 5.014332 
57.503548 317.624255 41.195483 331.305040 3.490075 0.125000 11.318898 
458.098714 439.740511 487.058516 441.823151 5.704417 0.125000 43.638120 
576.863894 388.309638 609.546398 390.275500 6.660895 0.125000 39.444546 
76.087493 300.224858 87.234261 278.287263 4.547983 0.125000 21.914061 
84.395500 465.294099 64.317680 464.050246 5.917928 0.125000 28.217387 
491.919042 387.670911 475.580267 386.086206 2.971011 0.125000 11.995162 
505.535410 456.539537 439.396536 454.804197 6.579412 0.125000 113.573112 
146.475145 414.251291 119.118716 409.648068 4.332118 0.125000 13.345776 
825.547445 419.722953 805.166886 415.180345 4.336368 0.125000 10.883438 
148.395242 445.467057 119.453640 448.806534 6.017738 0.125000 20.331320 
389.381627 358.045401 415.554293 360.224319 2.907425 0.125000 10.514555 
599.337804 460.136182 574.458295 458.920426 3.989568 0.125000 23.516734 
330.589006 372.495442 311.901898 371.411345 4.395258 0.125000 15.930156 
590.624021 381.796655 635.663834 381.234083 6.343184 0.125000 67.113181 
665.608699 421.271571 679.349965 421.618005 2.782742 0.125000 5.316445 
390.350249 368.465263 403.988809 364.346268 3.951247 0.125000 1.081180 
553.150146 327.660483 529.334602 326.371267 4.384580 0.125000 23.174318 
126.906381 455.829315 112.064517 458.108901 3.609609 0.125000 7.309840 
433.070708 376.133772 475.607348 377.446844 4.226256 0.125000 41.884453 
534.377178 366.113709 501.872532 366.154422 3.778179 0.125000 35.369679 
301.822390 461.803256 284.481041 474.519609 4.838625 0.125000 6.208894 
450.605980 364.841032 416.810241 363.461724 5.199736 0.125000 26.265798 
335.621859 383.074181 320.601975 384.002427 5.607313 0.125000 9.078742 
420.591686 469.189872 408.048004 471.447131 4.576254 0.125000 0.165410 
46.752982 469.265167 65.819703 471.305638 4.306550 0.125000 15.371816 
499.416799 372.740515 484.331248 373.469051 2.979464 0.125000 8.110409 
521.878804 373.569062 503.119473 373.729755 2.521323 0.125000 12.541165 
503.116343 409.923631 633.143141 411.975285 4.861331 0.125000 222.275181 
639.303608 458.945913 626.533198 461.070681 4.727040 0.125000 5.512214 
232.039641 410.738637 255.656107 414.160295 5.503591 0.125000 19.437072 
115.587856 452.171182 129.433619 453.907578 5.427771 0.125000 6.015557 
671.863618 469.243605 683.029835 468.276371 3.412391 0.062500 0.564384 
675.598912 408.338063 615.595701 407.268153 4.241514 0.125000 55.575313 
189.246413 435.060306 155.479375 432.816731 5.904767 0.125000 40.700225 
358.173120 408.790037 323.195205 409.668950 5.438017 0.125000 28.870041 
261.862897 402.034404 291.974039 404.320546 5.174915 0.125000 19.107878 
366.881725 421.645573 438.143774 423.734569 7.203763 0.125000 140.010225 
779.351226 445.421476 796.870582 445.819481 5.112271 0.125000 14.545197 
446.903170 403.710135 398.090178 402.992042 4.355918 0.125000 39.032497 
301.953719 450.771450 280.727464 450.061501 6.539002 0.125000 16.473869 
294.268772 408.844560 272.930222 405.694374 4.298769 0.125000 10.182506 
703.292422 371.124083 690.322375 368.232330 4.476181 0.125000 18.231224 
785.942004 337.903491 825.515994 245.578276 6.566519 0.125000 141.739520 
381.882332 401.865254 368.125523 401.785183 2.572712 0.125000 1.363114 
504.295109 418.542815 595.694648 422.921016 9.039022 0.125000 247.456553 
669.371262 373.708084 708.119670 373.956470 3.878125 0.125000 17.924766 
175.733393 443.510746 160.811339 441.639254 2.011121 0.062500 0.677266 
597.058454 308.862664 586.908202 307.806050 4.118113 0.125000 2.325698 
473.133614 365.282184 450.647812 364.717166 3.811616 0.125000 5.719610 
231.877804 431.430019 218.119263 431.477945 5.030448 0.125000 8.912900 
179.345776 447.944913 157.850450 451.433168 3.734054 0.125000 2.069117 
398.127851 476.254369 384.372399 476.191188 2.557388 0.125000 4.010020 
459.377978 412.589713 440.617886 412.667887 3.812473 0.125000 14.168951 
140.950468 332.741281 152.536658 342.568639 5.285502 0.125000 1.370770 
419.343908 446.505263 456.789339 443.356358 5.715641 0.125000 33.126476 
614.941915 454.277312 608.459828 451.550575 5.093513 0.125000 0.427249 
476.858880 377.046731 494.384973 377.245452 2.684079 0.125000 9.328445 
718.149302 308.223464 710.584176 308.359806 3.839285 0.125000 4.413355 
271.905574 468.795194 288.121826 468.055419 5.222665 0.125000 4.582756 
611.864851 333.431316 628.126069 333.356081 3.744177 0.125000 2.412292 
634.333590 411.231005 678.135312 414.224096 4.593447 0.125000 73.525809 
133.152487 475.929583 150.511114 474.363043 5.766216 0.125000 19.932681 
445.626537 371.833274 429.306596 371.232176 3.655441 0.125000 7.553341 
150.693221 328.552500 135.482159 330.979897 6.368891 0.125000 1.792702 
606.877767 375.794675 571.877997 375.705023 3.830034 0.125000 38.733910 
806.961464 402.531928 817.110230 404.011512 2.750500 0.062500 0.026818 
520.554062 331.045071 553.154529 332.429814 3.799669 0.125000 25.710247 
561.813223 405.836840 533.090546 407.546005 3.386596 0.125000 25.123389 
496.874657 394.725611 458.124663 394.740380 3.764769 0.125000 46.346545 
275.581633 425.278593 316.796688 427.256688 4.115076 0.125000 36.494705 
358.028379 442.950717 371.891090 444.195865 1.864976 0.062500 2.332368 
433.123967 385.669277 416.853662 385.289732 3.953040 0.125000 2.889863 
118.610311 319.418391 117.380778 333.170221 3.846418 0.125000 8.949536 
418.007732 357.760342 389.102579 353.931697 4.226256 0.125000 6.590444 
160.840633 441.339418 149.146806 444.868965 3.703134 0.125000 2.492537 
76.545582 352.234806 114.411112 338.222587 4.301819 0.125000 31.507004 
665.609916 387.394881 575.649383 384.784653 3.240869 0.125000 82.808917 
664.374072 335.082388 728.128162 334.973308 6.305597 0.125000 58.740690 
531.729500 444.408742 549.458162 445.426810 8.878935 0.125000 23.571908 
733.079920 325.065485 709.349460 323.516190 3.660598 0.125000 11.952055 
88.104161 433.596989 105.616723 433.808920 3.779977 0.125000 2.265369 
475.754642 373.374998 461.913172 371.580562 3.558171 0.125000 8.098907 
49.162829 327.694472 57.689934 323.492183 3.291276 0.125000 0.394779 
301.402634 210.325952 284.384416 201.872506 6.709646 0.125000 17.928695 
476.853671 466.309866 495.645141 466.089056 3.925987 0.125000 20.935877 
581.858881 335.219032 606.918637 334.224057 4.391732 0.125000 14.057727 
529.369999 402.590978 563.127083 402.826751 3.854672 0.125000 25.710247 
72.574139 448.587216 89.606899 443.982856 5.707244 0.125000 18.516275 
565.654222 457.188007 553.030849 458.366510 7.699914 0.125000 3.454890 
584.342260 403.134807 609.390313 403.785758 2.953794 0.125000 27.893695 
543.143990 436.792937 520.612236 436.909592 7.525786 0.125000 31.598634 
568.110283 402.493390 583.161256 402.851586 5.058065 0.125000 2.102051 
221.463188 459.151787 237.082653 461.976946 5.705240 0.125000 8.239154 
553.110030 331.763069 576.888800 332.075851 2.795720 0.125000 14.117159 
598.275962 397.819206 581.938746 396.940207 7.489168 0.125000 10.359688 
795.529677 466.453740 822.004523 469.498928 4.439616 0.125000 21.755100 
193.144352 335.539111 165.632777 329.340484 2.713612 0.125000 11.318898 
364.307462 397.201377 389.315112 398.272807 5.048923 0.125000 25.132248 
513.165697 457.890468 504.460897 456.379982 5.567514 0.125000 1.682314 
629.359766 333.703175 643.187689 333.389622 1.845699 0.125000 1.361046 
609.308605 422.888231 656.956950 423.788720 10.305263 0.125000 141.747500 
662.994324 113.403906 645.282754 105.105463 5.129251 0.125000 9.283885 
726.890710 340.402903 708.058100 339.070801 3.022950 0.125000 5.920674 
804.290464 402.268495 794.218246 400.104655 2.878697 0.062500 1.134447 
779.362103 465.737936 794.450821 467.461073 5.251368 0.125000 8.821733 
149.351348 475.173502 170.666732 474.877208 6.510006 0.125000 9.251260 
323.027575 392.914824 307.818899 399.964643 3.650350 0.125000 2.889863 
650.589360 363.046626 704.365647 364.682458 5.909843 0.125000 59.205577 
309.371632 461.972729 316.878876 461.950784 4.382287 0.062500 0.026818 
134.951572 331.730260 125.541489 334.033864 3.042692 0.125000 0.480070 
204.291451 459.487314 220.910806 458.266833 8.085650 0.125000 12.410169 
459.376890 424.394617 476.954611 422.701512 5.216659 0.125000 6.352537 
626.918874 336.509922 584.399442 338.617991 3.301603 0.125000 21.631135 
816.834491 445.032179 799.368921 444.661202 3.988056 0.125000 20.269829 
246.847856 387.543189 259.377957 388.052205 2.126627 0.125000 1.704085 
99.535928 339.795791 82.857094 346.174487 4.018618 0.125000 9.712519 
659.347898 376.570154 650.445996 377.361580 3.624572 0.125000 0.427249 
640.614339 404.375348 676.872361 404.684491 3.781836 0.125000 50.064351 
756.015310 235.719366 797.942453 229.411620 5.622556 0.125000 56.700345 
94.432084 450.119041 111.851382 452.084337 3.866498 0.125000 7.321399 
165.617734 333.281401 151.897344 332.644019 2.497307 0.125000 2.243093 
606.835801 363.002348 648.079400 364.436440 6.680603 0.125000 45.087745 
256.495116 413.814384 266.793727 409.193852 4.956467 0.125000 4.499096 
476.772096 420.518588 505.629977 421.759232 7.600458 0.125000 40.642670 
173.050137 458.166678 183.233273 458.756873 4.250001 0.125000 9.082489 
603.095945 402.573785 644.430407 404.292427 4.317979 0.125000 61.620844 
644.375582 321.850470 616.891069 321.198056 3.033239 0.125000 13.744763 
793.034732 404.016438 804.421130 405.169442 3.116945 0.125000 2.986158 
76.781514 316.229749 91.650501 314.075483 4.069716 0.125000 3.929559 
151.873855 335.649295 166.899393 336.357366 3.333960 0.125000 0.545202 
327.244285 453.677796 308.458756 450.115138 4.848878 0.125000 16.525339 
376.856994 406.244406 449.404699 408.353338 4.765422 0.125000 121.816565 
581.913054 476.654991 565.505309 473.816984 3.528651 0.125000 2.619404 
207.004120 418.518209 191.831283 417.588305 6.467692 0.125000 9.283885 
541.878855 339.174494 586.886251 340.039864 2.835953 0.125000 31.132800 
569.707635 328.701676 557.944735 326.667308 3.528542 0.125000 0.875535 
709.433754 308.035386 696.848316 307.483406 2.880993 0.125000 2.986158 
798.166783 449.629368 819.431789 450.521774 5.048014 0.125000 16.819350 
265.726358 406.427444 254.653028 407.826131 4.190372 0.125000 0.299015 
520.442615 400.383669 529.134459 401.955303 5.142629 0.125000 3.150071 
676.233705 252.261006 755.901153 237.073594 7.190741 0.125000 171.767336 
713.841486 349.935790 722.934897 347.434016 3.232679 0.125000 1.361046 
558.532517 439.391657 550.653633 436.788342 6.718778 0.125000 0.318581 
440.621247 421.837852 453.119945 420.574972 4.723348 0.125000 3.394508 
9.437679 441.609414 29.500260 446.344246 4.004966 0.125000 13.118478 
730.784547 309.548308 719.232523 307.836495 5.999262 0.125000 1.844364 
573.128986 335.790400 533.120339 335.643377 2.642380 0.125000 43.460936 
265.565766 26.886979 262.845217 13.434371 5.134889 0.125000 0.723404 
238.121815 461.255602 278.127185 461.049921 5.134892 0.125000 38.949069 
706.854828 342.343867 731.915998 343.422049 2.443962 0.125000 4.719282 
74.571420 350.828234 72.244433 324.452688 5.639782 0.125000 8.824318 
556.874578 359.403090 576.870065 359.703504 2.043720 0.125000 3.126113 
0.384293 371.782332 44.291784 363.910819 3.946151 0.125000 36.863348 
314.409859 441.795400 325.227471 446.532747 4.456501 0.125000 0.318581 
380.682402 452.997244 355.620098 454.279154 3.553546 0.125000 9.140931 
660.621421 339.060114 645.623359 339.230583 2.585079 0.125000 5.780202 
270.630718 415.687111 248.091591 417.762102 2.505255 0.125000 6.735767 
561.883046 351.379340 534.370005 350.932744 2.763409 0.125000 26.990605 
456.878123 407.793251 479.387894 408.005121 5.105663 0.125000 27.956536 
118.070282 283.363242 96.848969 282.583006 3.563759 0.125000 13.585104 
683.130741 347.275513 706.875862 346.935153 2.804307 0.125000 20.908423 
89.869752 281.084231 102.225528 288.814748 3.706093 0.125000 2.115711 
183.136435 422.781534 211.854605 423.737607 5.371554 0.125000 27.372684 
355.621080 371.955473 371.954108 372.751176 4.171330 0.125000 14.168951 
100.191206 469.334629 88.045366 471.408651 2.452707 0.125000 1.361046 
658.125504 341.835678 694.369555 342.300024 2.419729 0.125000 17.593200 
236.872849 455.210750 269.378463 455.041948 2.597334 0.125000 23.591189 
411.849628 398.555249 425.698893 399.371935 4.111418 0.125000 4.719282 
474.230047 399.560806 494.278104 401.584781 6.218391 0.125000 15.980962 
300.563941 416.739748 340.671902 416.109432 10.077333 0.125000 111.341647 
762.371661 13.293466 754.053906 8.875957 3.195827 0.125000 0.480070 
173.114409 324.300934 150.714929 327.503906 3.536476 0.125000 9.600378 
320.522333 387.928286 331.916847 388.436185 4.995040 0.125000 0.909726 
596.800594 421.664456 609.409150 422.074229 6.612129 0.125000 28.480410 
389.374744 374.386357 431.881326 375.344320 4.970567 0.125000 38.569125 
385.622660 411.897748 360.629985 409.326548 4.881614 0.125000 23.912100 
661.730405 303.879382 683.139513 305.423822 3.470459 0.125000 9.922212 
813.180600 365.387621 825.863161 368.358199 3.366116 0.125000 3.872559 
487.841499 442.379121 532.144462 445.331534 10.809515 0.125000 118.057172 
221.939970 441.227050 207.948232 442.736964 4.398927 0.125000 14.942589 
681.878756 353.962899 654.369648 353.712141 1.500612 0.125000 17.959705 
241.897698 422.178821 261.693817 420.699853 5.638000 0.125000 17.843488 
550.749703 374.701100 541.885462 374.192613 3.333607 0.125000 1.256768 
27.167369 298.742010 0.298585 286.331700 4.534073 0.125000 25.356539 
153.427989 450.218001 137.047653 456.105370 2.867496 0.125000 1.888173 
284.063204 466.567402 289.662448 460.891751 5.195905 0.125000 0.072464 
509.324351 472.364043 494.355452 470.813744 3.001784 0.125000 0.686088 
603.360460 326.120329 585.280450 320.479316 5.517681 0.125000 5.514242 
22.950398 326.187393 9.735096 329.543110 4.557586 0.125000 1.658779 
266.947713 167.939139 278.824981 172.585779 4.149834 0.125000 0.318581 
456.875095 360.620321 465.646791 360.797764 3.875638 0.125000 1.256768 
568.206343 273.537941 595.627255 268.136446 8.343435 0.125000 53.034946 
640.619139 355.834000 684.369790 357.060802 2.288795 0.125000 30.294460 
701.887946 354.605157 689.427367 355.306024 3.533490 0.031250 4.658373 
636.964552 381.888811 659.437172 383.516775 5.872401 0.125000 30.505689 
288.266482 417.371619 299.586737 419.497519 4.452673 0.125000 11.710622 
598.034655 445.491778 620.689756 447.324534 6.431235 0.125000 21.187641 
385.809802 375.429754 360.571154 377.453463 3.785107 0.125000 15.015967 
822.110864 427.850568 801.939993 429.988261 7.269085 0.125000 21.631135 
144.398513 456.372380 171.955159 457.661529 4.527231 0.125000 27.909856 
82.107303 185.890842 71.775269 187.474228 6.177875 0.125000 6.529782 
549.376627 456.240917 513.124475 456.272533 6.273980 0.125000 59.686318 
686.873455 302.913795 729.371501 302.977016 7.537183 0.125000 79.807844 
334.394933 435.589956 319.301168 427.004806 2.791085 0.125000 6.402659 
474.369164 339.396682 484.634751 342.160061 5.060404 0.125000 3.491847 
0.261749 469.028971 21.817629 464.122927 4.438427 0.125000 20.574792 
289.329122 212.262966 299.628546 213.480909 5.552579 0.125000 0.909726 
801.950865 410.341264 790.827638 407.367136 2.976972 0.125000 4.010020 
189.550038 412.752595 205.418104 409.587680 5.144559 0.125000 3.536448 
800.539858 371.965923 820.617649 373.240771 3.504834 0.125000 6.238593 
499.169119 400.184157 520.703761 402.337261 3.731604 0.125000 4.987938 
0.272175 290.189315 21.811399 299.521790 4.128704 0.125000 17.518420 
239.206841 438.111359 256.889765 440.516444 4.558106 0.125000 16.871727 
349.730262 203.580305 333.407449 206.980793 5.863699 0.125000 12.948989 
379.463222 434.671652 369.329319 434.265890 4.047058 0.125000 3.823093 
689.405149 385.957713 673.175146 387.428392 2.828218 0.125000 0.299015 
794.304725 396.046587 804.439838 397.736031 3.698962 0.125000 2.120675 
471.908794 354.134696 455.593397 354.680759 2.958544 0.125000 14.167781 
476.851595 360.831911 521.879595 361.098256 6.397765 0.125000 74.919354 
575.555935 458.865800 569.192926 454.649795 5.679794 0.125000 0.299015 
496.830501 467.119417 509.430991 467.494616 7.719903 0.125000 6.997597 
646.962924 447.990476 655.835903 448.553957 7.564144 0.125000 3.007432 
660.709561 254.952013 677.155908 252.541822 8.838777 0.125000 33.904929 
170.593371 440.340639 184.587348 438.784105 6.349877 0.125000 11.146954 
439.149529 454.621374 433.257985 449.229686 4.610679 0.125000 0.532096 
583.119178 352.096106 563.100145 351.569020 2.564934 0.125000 2.115711 
596.780300 267.955327 603.155300 267.729189 6.379010 0.062500 2.193178 
600.632582 265.112626 615.632364 265.055410 10.018999 0.125000 27.348200 
469.371259 390.056824 490.627477 390.173449 3.791092 0.125000 21.762440 
732.491278 450.897983 729.046131 458.675633 8.751983 0.125000 2.102051 
319.515704 404.399072 345.610395 405.881997 4.453173 0.125000 34.521722 
671.943777 465.562312 658.023263 466.368675 4.105158 0.125000 7.719790 
223.179727 389.114523 209.256462 386.189189 2.765402 0.125000 3.823093 
498.107092 377.596322 531.854307 377.902887 5.124696 0.125000 24.917810 
510.528735 467.973307 535.677107 467.060340 5.747045 0.125000 20.887865 
736.858719 304.264985 749.401814 304.114824 7.574279 0.125000 6.280326 
400.654213 466.191409 438.119026 464.259159 4.324472 0.125000 42.682736 
632.892607 261.542975 640.773411 260.385315 5.855265 0.125000 2.492537 
673.157942 322.161707 659.338610 321.689118 4.004142 0.125000 0.318581 
520.090433 47.403173 502.071384 29.166015 6.234927 0.125000 15.148632 
188.017513 460.940492 198.312637 459.756347 5.252917 0.125000 2.360535 
432.865987 51.660539 448.482878 48.898447 6.447508 0.125000 5.171551 
629.365061 341.113917 649.382200 341.520851 1.605430 0.125000 5.533173 
148.098332 437.077584 158.251487 438.414130 4.512245 0.125000 3.872559 
334.166128 360.882897 316.825699 358.480918 3.162400 0.125000 0.318581 
726.888604 296.256022 706.898260 295.816672 2.691658 0.125000 8.972304 
589.351104 328.565726 576.820168 327.886313 5.331038 0.125000 0.347169 
670.664652 52.108767 661.598842 44.713543 6.244810 0.125000 2.893014 
323.035595 460.337462 333.180287 461.279822 8.161552 0.125000 5.306641 
484.373165 336.879519 472.536749 332.073876 4.380228 0.125000 0.610186 
350.602129 381.219163 381.857711 380.129210 3.660594 0.125000 32.801416 
266.879762 443.157752 255.506707 444.811468 3.890841 0.125000 3.150071 
657.768770 27.973458 670.405543 24.761572 3.654647 0.125000 6.390748 
550.561974 396.552416 540.223936 398.572252 5.118563 0.125000 10.833745 
331.838755 203.837396 317.983185 204.771528 4.988675 0.125000 3.007432 
350.564062 403.722687 375.685260 406.283964 4.111026 0.125000 18.723010 
709.450189 398.677271 693.161741 400.894866 3.547096 0.125000 0.610186 
774.495209 320.684261 782.894992 303.645389 8.416615 0.125000 19.826647 
676.842123 403.738192 703.083707 405.145160 3.811545 0.125000 11.223953 
109.657262 436.853796 129.200340 432.364637 5.152933 0.125000 8.762778 
704.352754 387.149376 689.450718 385.941125 2.895895 0.125000 3.823093 
705.609193 357.386755 724.379894 357.966556 3.979767 0.062500 3.035909 
123.014439 336.748091 140.601785 335.335884 4.983959 0.125000 13.531893 
362.012131 386.084626 346.912315 385.069786 6.403576 0.125000 2.104208 
499.336619 191.951088 513.147407 192.350808 2.752096 0.125000 4.721790 
523.147990 381.293475 541.961718 380.646427 3.704819 0.125000 3.458353 
616.045058 264.699567 632.802650 262.207446 6.365885 0.125000 15.520415 
620.634143 468.032084 595.630253 465.571613 3.854388 0.125000 7.397899 
393.606759 462.022813 403.268930 455.288133 6.556924 0.125000 2.817009 
188.506281 209.501186 197.494009 212.550492 5.538127 0.125000 2.115711 
36.863178 191.145564 53.108910 190.882260 3.911562 0.125000 0.909726 
695.626849 323.515748 674.374258 323.470014 2.508064 0.125000 11.710622 
438.029061 464.691708 450.634881 465.463642 5.067054 0.125000 5.205234 
100.588593 286.404824 111.872357 286.931614 2.963629 0.125000 0.427249 
305.499558 456.362407 324.332325 457.551104 4.215001 0.125000 10.717817 
558.124805 381.541870 590.626256 381.522857 6.242687 0.125000 39.708259 
33.624278 306.625557 45.022655 315.177802 3.750972 0.125000 7.309840 
766.934850 308.578017 756.619469 309.940815 3.256415 0.125000 2.120615 
386.608044 99.292324 378.640134 106.002377 2.897623 0.125000 0.480070 
221.934412 449.455162 209.292138 450.019834 3.578937 0.125000 0.299015 
492.051537 416.090870 471.944987 411.564138 6.250653 0.125000 12.862335 
751.872967 280.605946 794.374916 280.676153 3.809875 0.125000 39.093863 
274.900107 36.444250 265.569215 28.188046 5.185606 0.125000 6.529782 
320.616947 425.825171 374.430713 427.990221 4.744710 0.125000 51.175844 
732.013871 236.451055 696.545297 242.413813 6.370744 0.125000 44.395374 
554.397173 348.767372 571.873901 349.405104 1.750577 0.031250 1.146502 
341.867286 416.304096 364.413841 415.999435 8.816758 0.125000 33.972541 
533.148356 405.401750 513.133569 405.084451 2.697826 0.125000 10.833745 
436.836965 418.587522 419.377696 419.430812 1.911901 0.125000 2.120615 
641.504187 260.390460 655.916146 256.790595 6.366622 0.125000 15.335425 
32.719497 442.569752 13.751607 438.614726 5.405032 0.125000 18.723010 
274.803299 398.915618 264.256697 394.668794 4.879298 0.125000 6.587729 
790.266154 441.202737 793.834228 427.979086 5.382926 0.125000 10.514555 
48.418298 313.210395 36.607246 304.748739 4.064563 0.125000 3.394508 
45.254615 462.095694 49.535132 469.279585 4.119138 0.125000 0.427249 
413.134695 416.461186 435.631671 416.200353 1.496274 0.125000 0.875535 
445.697748 101.435544 433.312273 94.359342 5.872379 0.125000 3.479962 
72.495226 188.523522 58.974481 178.674853 5.513424 0.125000 7.080242 
190.637295 203.101641 173.275828 193.963249 4.599458 0.125000 11.657037 
236.612883 396.168173 223.538313 389.858830 3.416577 0.125000 2.492537 
104.082787 175.199341 98.423663 167.581750 5.532990 0.125000 2.115711 
211.200692 389.266695 228.891918 396.764797 5.129560 0.125000 17.718213 
695.616724 344.546745 674.377570 344.709768 1.413064 0.125000 0.800995 
490.631928 405.225120 473.115529 404.921644 2.499625 0.125000 0.299015 
385.769574 37.210985 383.070732 48.413079 4.572816 0.125000 0.036556 
508.475253 397.354031 500.375462 393.674277 3.518201 0.125000 1.361046 
694.522020 328.592650 674.348838 330.319341 3.489357 0.125000 5.466186 
701.866562 320.785081 721.875040 320.630176 4.980496 0.125000 8.125572 
98.012388 324.354191 98.264284 338.122452 2.682505 0.125000 2.492537 
70.453832 323.102988 68.474906 338.491491 4.480860 0.125000 1.056333 
133.017216 415.871423 139.640350 418.768339 6.584651 0.125000 1.091650 
376.898680 430.365191 401.918695 432.645584 2.946713 0.125000 14.273275 
757.629121 113.591252 747.732939 110.731937 3.415631 0.125000 0.427249 
779.341673 58.212767 768.942504 54.263984 2.961975 0.125000 0.394779 
270.412068 387.788059 254.170831 384.000482 5.884554 0.125000 9.283885 
594.675650 344.295257 605.229096 341.583975 3.004126 0.125000 2.243093 
147.007045 426.863275 147.777954 435.544819 4.465966 0.125000 0.686088 
205.426450 328.704418 174.272092 325.323178 4.672217 0.125000 27.870825 
747.956702 219.428620 759.505684 217.803997 5.299503 0.125000 1.215915 
11.786952 188.595960 19.331851 187.743224 3.093368 0.062500 1.429180 
643.092681 336.221875 660.611639 335.354983 5.179225 0.125000 4.857161 
591.859897 466.235824 559.348866 465.431956 2.190255 0.125000 19.632507 
663.021698 456.116510 674.233965 454.589462 2.971754 0.125000 1.361046 
0.185165 151.355122 21.759003 156.147216 8.541812 0.125000 29.079296 
520.874927 361.863997 536.962718 360.248580 5.849197 0.125000 17.518420 
689.284771 241.799013 656.765231 244.011857 11.961989 0.125000 82.287709 
113.276958 184.519134 104.675003 177.744099 6.248253 0.125000 4.697163 
644.338607 471.598109 661.888224 471.179824 3.957427 0.125000 1.770531 
29.607300 155.885278 42.917436 159.009334 4.942131 0.125000 0.007809 
535.413606 272.559684 555.720483 270.194944 5.859216 0.125000 8.963687 
203.118453 435.690430 228.118294 438.192017 5.970823 0.125000 38.597526 
820.770172 392.197193 809.407193 390.419253 3.704922 0.125000 7.334944 
674.398746 319.794940 700.663011 320.546291 2.713445 0.125000 16.778380 
702.385820 446.290876 709.172451 437.702730 3.486565 0.125000 0.532096 
209.430401 473.879412 228.079827 472.509864 2.401737 0.125000 7.334944 
728.623671 458.994675 718.767376 478.465682 9.583429 0.125000 67.647355 
605.600839 341.354196 624.368438 340.483552 3.456340 0.125000 6.308179 
506.882410 349.948297 491.868762 350.142346 1.427598 0.125000 4.413355 
258.102787 439.228229 273.147025 439.531142 4.449477 0.062500 3.733224 
575.711383 365.656140 564.431456 365.261466 6.421016 0.125000 1.441850 
445.667674 432.445484 428.079083 433.761169 6.698805 0.125000 17.363055 
768.083986 61.358438 776.946074 61.854011 4.782825 0.125000 0.072464 
240.911352 424.032125 235.646780 425.693995 5.520647 0.062500 1.134447 
474.478117 49.025893 464.601385 46.108565 3.899287 0.125000 0.532096 
250.936479 41.658255 261.823883 53.248853 4.555444 0.125000 4.697163 
723.123946 321.309822 753.123841 321.253866 3.759320 0.125000 12.854431 
60.922604 462.883614 49.623652 460.628925 5.881781 0.125000 1.527734 
440.893113 105.280155 447.990358 110.798176 6.688221 0.125000 1.658779 
207.244070 400.791551 158.410560 409.691801 17.543682 0.125000 173.664671 
617.872404 35.591868 627.708070 37.633540 5.657810 0.125000 1.581679 
82.930346 196.986775 96.912721 194.595573 4.928450 0.125000 1.441850 
354.373196 393.007060 341.857007 393.198479 3.826021 0.125000 5.557261 
467.430837 59.876819 474.917377 70.232909 4.156951 0.125000 0.318581 
262.258073 46.480059 247.676861 32.337023 3.669939 0.125000 14.939439 
528.123794 343.648720 545.626580 343.689040 2.523030 0.125000 12.541165 
597.946145 317.983454 605.640362 316.994520 6.507510 0.125000 0.036556 
48.421083 178.876499 60.954304 186.320566 2.593309 0.125000 2.120675 
316.925131 360.465126 332.366657 365.307039 3.952214 0.125000 4.955563 
444.735129 36.969879 431.509837 40.511322 9.098875 0.125000 4.365545 
474.351599 64.212154 489.388881 63.963094 2.727365 0.125000 2.120675 
739.239626 333.559754 749.275271 334.366145 4.683582 0.125000 0.545202 
560.038885 245.444539 553.286815 249.635690 5.635051 0.125000 0.072464 
772.313802 226.064440 757.607883 229.884037 7.353337 0.125000 14.347485 
785.386463 304.750029 803.853249 273.333555 5.832289 0.125000 45.571673 
669.398696 307.822570 656.877622 306.841531 2.590001 0.125000 0.394779 
661.499499 474.824302 669.088974 471.265092 3.713404 0.125000 1.361046 
151.846100 447.911216 168.302310 445.686644 3.716199 0.125000 6.103908 
530.621170 319.386205 522.758030 316.698677 4.357007 0.125000 0.427249 
53.982255 435.313743 66.385256 444.610755 5.500270 0.125000 6.891421 
174.581342 198.771707 188.878607 210.006693 4.141915 0.125000 2.489504 
215.709759 424.000560 230.810261 422.538756 2.740406 0.125000 1.363114 
798.131166 229.509216 816.841679 228.649675 3.918139 0.125000 11.139342 
379.692420 389.641154 372.952733 391.052168 6.629663 0.125000 1.682314 
579.416256 245.920457 560.612918 246.422410 8.580100 0.125000 31.468754 
706.815072 432.283665 697.074089 447.450025 5.857310 0.125000 24.662621 
227.815193 439.252643 238.260114 438.018675 8.328137 0.125000 4.908267 
459.992908 58.030571 468.639866 62.004767 4.021118 0.125000 2.120675 
278.463668 369.770801 301.333464 378.838091 5.349311 0.125000 19.719970 
344.454727 356.208467 334.365095 356.647206 5.049583 0.125000 3.491847 
629.420279 316.708106 654.410866 316.223113 6.661146 0.125000 24.493893 
648.126090 284.812409 629.366860 284.859163 7.543593 0.125000 3.351416 
676.810015 389.825367 694.306462 392.349991 6.007416 0.125000 8.367190 
750.611181 304.091593 768.130477 303.237328 7.491100 0.125000 14.299021 
770.464442 147.192454 767.338327 133.302045 5.274124 0.125000 4.800156 
38.071457 433.404720 54.439540 436.537828 3.213126 0.125000 8.972304 
68.134044 293.129459 62.449869 304.658430 2.841901 0.125000 1.272742 
785.506061 474.785281 772.153475 470.914400 6.507332 0.125000 2.408053 
173.602934 19.054921 164.862888 11.798502 7.204105 0.125000 3.147269 
168.064913 327.323809 195.902702 331.050750 3.462946 0.125000 11.694663 
653.126013 350.969104 666.872215 350.928650 2.514704 0.125000 1.256768 
178.145781 429.249612 192.946415 431.702554 3.086404 0.125000 0.299015 
421.016533 35.280379 429.175789 44.550342 3.640803 0.125000 5.533173 
101.911003 193.013790 114.324046 197.032392 7.066943 0.125000 7.080242 
313.126033 217.762763 325.626016 217.748213 5.008727 0.125000 8.373261 
259.924018 33.304088 270.354994 38.651673 5.589886 0.125000 3.657988 
311.103135 366.224909 290.437958 369.412342 5.986407 0.125000 22.225396 
714.795686 418.870230 706.878795 431.877310 5.385060 0.125000 5.408638 
134.336875 21.152713 149.492588 20.352739 6.438975 0.125000 10.473293 
574.118368 439.000961 562.606464 435.628297 5.355948 0.125000 3.170011 
648.145530 343.698254 624.379481 342.977285 1.666355 0.125000 7.122625 
668.167597 280.856403 658.080689 280.434573 3.796771 0.125000 1.363114 
695.618991 391.235691 705.630322 391.334205 5.024357 0.125000 0.036556 
272.686044 376.464050 285.580569 383.209928 6.645514 0.125000 5.899302 
545.558536 391.634356 576.857780 390.238803 4.939358 0.125000 22.531093 
103.982300 432.913137 103.051671 445.619629 6.050692 0.125000 1.729485 
201.529182 179.441616 200.278848 172.950888 5.382626 0.125000 2.986158 
193.027212 435.975779 203.313371 434.857180 5.511247 0.125000 3.929559 
669.412573 298.742762 681.868582 299.482997 3.743396 0.125000 0.299015 
734.375364 360.617959 719.350917 359.840284 1.700629 0.125000 2.607175 
129.375268 428.893980 109.374578 428.882845 7.499303 0.125000 22.671176 
191.175433 168.463466 197.991716 181.926764 5.067544 0.125000 3.625250 
804.325754 273.096483 821.102078 244.125091 4.158278 0.125000 19.550710 
390.415511 116.896313 391.435291 126.919736 6.597467 0.125000 1.116430 
425.547449 335.870271 410.594693 335.447873 3.889194 0.125000 5.108212 
704.379238 317.662881 689.380500 317.525320 1.387514 0.062500 3.510265 
787.999139 235.209040 740.671707 249.529362 8.485394 0.125000 103.483635 
571.986775 387.584720 561.653245 385.446882 3.461125 0.125000 1.272742 
147.954343 408.609242 158.025127 412.158393 6.377639 0.125000 7.321399 
308.153686 475.278093 319.429945 476.210542 2.800534 0.125000 0.394779 
500.588924 48.733917 515.611694 47.888545 6.310358 0.125000 4.857161 
43.012018 170.580529 33.099087 169.651494 7.583916 0.125000 8.338576 
171.914657 471.596256 185.566173 473.538482 2.475076 0.125000 1.256768 
322.107518 284.453062 327.139729 269.463875 5.146334 0.125000 5.408638 
683.079366 381.840833 706.795955 382.730992 5.559083 0.125000 21.696151 
21.864961 174.459549 39.121651 176.508627 5.764227 0.125000 10.473293 
394.369208 385.979817 383.122205 385.796230 2.560871 0.062500 3.510265 
480.652322 38.036034 490.141240 40.950192 6.341566 0.125000 1.215915 
18.370617 149.129937 5.599242 147.031790 4.713596 0.125000 5.741116 
669.403245 326.427300 684.343779 327.369879 2.652448 0.125000 1.363114 
401.765220 429.032623 365.590864 424.657222 3.342320 0.125000 17.087140 
569.324633 344.047705 586.840674 345.003836 2.360022 0.125000 2.970851 
111.393463 425.236677 87.823689 428.326663 15.197703 0.125000 94.495415 
492.975367 58.796648 476.823301 57.538932 8.529512 0.125000 5.165016 
688.548923 273.330675 683.668965 283.388916 6.135407 0.125000 0.723404 
184.385187 453.367170 204.402348 452.525126 3.851759 0.125000 3.625250 
29.425276 181.500545 16.816905 179.807689 4.548340 0.125000 7.553341 
253.194379 21.770569 261.569617 27.334671 11.103446 0.125000 3.881824 
683.119404 309.263061 676.864374 309.288762 5.015366 0.125000 0.394779 
52.132008 155.208427 36.452004 145.534542 7.288132 0.125000 20.006780 
12.132326 168.617053 0.142418 164.546431 5.158343 0.125000 10.019644 
72.213130 195.241516 81.738283 191.524638 4.515017 0.125000 0.299015 
88.377006 162.516077 81.090393 159.500471 5.575985 0.125000 0.875535 
118.530251 411.945777 133.866843 417.216343 4.358931 0.125000 10.328202 
209.374234 24.355491 221.903998 23.863511 3.796156 0.125000 9.082489 
648.028187 390.327184 660.651874 391.610689 3.983648 0.125000 4.941595 
70.402073 170.991230 83.340085 167.727683 6.387673 0.125000 5.719610 
64.623887 433.080082 44.207918 431.083451 6.220324 0.125000 18.217672 
123.126101 188.121082 113.207102 185.332919 5.828223 0.125000 0.477518 
559.137885 199.547600 550.159774 187.213647 6.249363 0.125000 7.811460 
459.456780 289.454501 466.241987 282.474793 7.070362 0.125000 0.007809 
724.477134 351.098688 734.468647 352.413196 2.929913 0.125000 0.480070 
735.394977 384.223199 730.809360 391.171742 4.654963 0.125000 1.363114 
705.816538 264.721556 687.825666 266.879908 13.503212 0.125000 45.536353 
24.293893 195.013405 34.283968 193.688567 4.956604 0.125000 2.688318 
150.395873 20.872184 161.842193 20.123454 7.728779 0.125000 3.450251 
825.814694 233.083519 786.718761 236.100077 7.858616 0.125000 72.996286 
416.906741 382.311000 439.378642 380.675026 3.740102 0.125000 6.593731 
454.405604 232.408344 441.803644 233.131472 3.739736 0.125000 1.091650 
654.315315 295.167827 631.848539 293.476487 3.927092 0.125000 4.908267 
27.970903 446.266971 35.936902 450.965480 4.500099 0.125000 1.363114 
619.367543 393.879136 646.889573 394.151295 3.947583 0.125000 30.220976 
669.229767 384.163076 684.206141 382.675263 4.481221 0.125000 3.931706 
791.197532 215.701276 789.776475 203.079798 5.667878 0.125000 4.503925 
811.350759 312.200272 816.128342 301.540361 4.562706 0.125000 6.402659 
580.665332 363.786013 601.988487 362.484966 6.923550 0.125000 31.318779 
554.451352 183.181702 569.327524 182.312476 4.108185 0.125000 4.719282 
26.858199 167.149353 15.421443 166.448979 6.391124 0.125000 9.129092 
822.250672 57.517222 802.780225 53.579986 6.882846 0.125000 17.628864 
684.666385 477.048253 702.415761 447.196528 3.020026 0.125000 9.487215 
776.995980 11.264403 811.927973 4.654972 4.912834 0.125000 34.024966 
568.123329 376.646363 551.874197 376.765138 3.795584 0.125000 2.619404 
302.863796 33.620462 316.193970 45.161599 5.796957 0.125000 5.529927 
810.554094 0.328414 797.881868 3.358034 3.647216 0.125000 6.462726 
258.921454 380.464917 243.303570 383.929881 8.271553 0.125000 27.508170 
415.591307 460.482389 429.453520 457.207349 3.936938 0.125000 3.701260 
584.333173 456.440410 599.314705 454.998523 3.321016 0.125000 2.492537 
706.157513 327.901925 696.752566 330.101494 4.868623 0.125000 3.872559 
640.616785 299.085671 654.391172 298.694549 2.711869 0.125000 4.010020 
666.960820 273.470439 656.788538 274.017611 3.453488 0.125000 2.243093 
768.132624 270.422994 801.881728 271.696721 2.639650 0.125000 6.455002 
229.463540 385.339013 246.057957 390.476529 4.321612 0.125000 8.574504 
283.987669 442.119197 291.058640 443.952157 3.590027 0.125000 0.800995 
186.872469 476.364597 205.622008 476.271615 2.561958 0.125000 9.082489 
21.882492 460.372083 6.821650 459.925932 7.533724 0.125000 16.326302 
70.317356 157.956460 62.895352 159.566095 4.886407 0.125000 2.986158 
413.041201 50.198080 423.142722 48.215288 4.665612 0.125000 0.299015 
725.616466 330.107627 706.854450 329.889065 2.499830 0.125000 10.216883 
793.087462 196.742728 785.489882 198.898890 4.468782 0.125000 2.986158 
219.786588 18.254423 210.724465 20.958354 3.950851 0.062500 0.564384 
358.106548 306.807296 368.895829 303.866815 4.384127 0.062500 0.131899 
357.489013 354.036707 344.945371 356.294215 6.151176 0.125000 20.044701 
103.131065 454.430620 90.373848 455.821616 2.477905 0.125000 1.256768 
696.878699 279.476858 714.355645 278.842097 2.543723 0.125000 0.686088 
796.890395 3.847774 786.891004 3.925808 3.808413 0.125000 2.986158 
3.423050 347.808622 13.750551 357.537848 7.819646 0.125000 2.638543 
157.148269 406.174009 141.750028 404.017231 5.125054 0.125000 8.821733 
721.618340 420.470706 739.511160 390.706854 6.861402 0.125000 49.699379 
766.877321 192.098870 750.621749 192.062094 4.377815 0.125000 1.658779 
410.614096 296.802943 428.277099 294.130125 3.146715 0.125000 0.165410 
638.121199 254.619185 649.375379 254.600222 3.741570 0.125000 3.872559 
742.068968 384.481362 752.625335 365.230140 7.177209 0.125000 21.682465 
759.455675 219.585324 770.734757 220.460542 4.985015 0.125000 3.701260 
720.634255 279.934229 739.380890 280.185389 2.616994 0.125000 5.557261 
125.687063 1.159498 140.790279 2.469554 3.952011 0.125000 13.299315 
332.606489 261.339114 344.038766 250.277499 5.448210 0.125000 16.188046 
621.619954 1.294458 610.221595 6.302038 5.080490 0.125000 6.910542 
656.848079 427.127089 680.726233 429.677040 3.547729 0.125000 3.814813 
20.593452 318.058312 9.951149 323.092888 3.328965 0.125000 0.686088 
668.088899 396.162022 678.189588 395.650586 3.002491 0.125000 1.256768 
95.760883 249.174482 104.079213 254.811483 4.034272 0.125000 4.677247 
58.786774 165.880357 71.512756 170.853101 7.386749 0.125000 5.868711 
124.688131 296.536007 135.742890 306.747373 2.894752 0.125000 3.033554 
555.535520 269.621641 564.403290 270.151819 5.140289 0.125000 1.091650 
810.369137 36.296306 818.245555 49.827191 4.143800 0.125000 4.429846 
790.699917 274.869316 774.362641 273.249663 4.348300 0.062500 1.758686 
795.678283 264.545607 768.064578 265.096542 10.471764 0.125000 58.030499 
576.070918 71.788470 565.680817 75.770634 6.010889 0.125000 1.959026 
89.782969 172.974637 103.881065 183.770047 11.211958 0.125000 10.127453 
714.256790 260.336486 706.325987 263.585894 5.783393 0.125000 3.305964 
821.463943 264.241246 806.051562 311.607061 6.386706 0.125000 77.929236 
546.028115 251.781005 535.945146 244.394258 8.196130 0.125000 13.982802 
674.398614 425.359028 656.815258 423.797878 2.711299 0.125000 7.249860 
343.070597 308.826873 356.932177 307.451080 2.356611 0.125000 1.256768 
14.177659 111.494637 0.430441 110.214751 5.441973 0.125000 4.055047 
649.376958 240.618055 639.133800 237.730670 10.149753 0.125000 18.382580 
740.511609 250.280870 714.638704 258.915194 9.492619 0.125000 41.251965 
710.080935 442.239502 720.976132 420.165272 8.486033 0.125000 70.119783 
766.261371 270.846929 750.727623 266.507632 10.976504 0.125000 10.491476 
562.402484 8.685663 552.146384 18.334829 3.086550 0.125000 0.875535 
763.805168 254.713567 776.725344 251.307340 5.087532 0.125000 7.908566 
7.117823 460.487565 0.347681 460.064677 6.468341 0.125000 3.977203 
611.936004 130.682815 591.979426 131.613703 4.211877 0.125000 6.455002 
739.782751 390.301062 741.876803 384.856456 4.128243 0.125000 0.800995 
373.323799 345.149199 387.253431 350.969271 2.210121 0.125000 3.126113 
24.365273 316.936930 23.930119 308.085419 2.926629 0.125000 3.510265 
803.048329 42.893035 790.525219 41.949890 4.892005 0.125000 6.308179 
799.096203 67.497711 808.716124 71.804685 7.747523 0.125000 7.540906 
664.528007 391.096236 672.047040 388.654853 3.505598 0.125000 1.704085 
11.930141 179.332882 0.589647 179.850584 2.896428 0.125000 3.853258 
798.035403 143.427931 813.528624 148.010337 3.511648 0.125000 3.701260 
384.350721 212.787068 400.622465 213.220220 2.798483 0.125000 2.688318 
387.809568 137.376732 397.956652 136.391373 7.102438 0.125000 4.503925 
800.692296 242.142831 824.395701 241.091898 3.690953 0.125000 15.537937 
469.317932 100.004315 459.399494 99.104887 3.330347 0.125000 0.427249 
745.673889 224.149958 728.154126 224.985629 6.242902 0.125000 3.881824 
438.439513 258.450258 429.714203 267.218681 5.329425 0.125000 3.170011 
480.451534 268.610317 470.131901 270.951290 4.599581 0.125000 1.682314 
468.114840 285.311510 483.130452 285.213934 3.157412 0.125000 0.072464 
486.647538 233.940472 470.764980 242.254490 7.856072 0.125000 14.886914 
498.065701 112.217783 495.148943 101.076893 3.684841 0.125000 0.686088 
405.906765 1.602968 418.161698 14.296389 3.659249 0.125000 7.553341 
398.391731 59.432854 384.456553 62.274876 4.173944 0.125000 1.365710 
578.648817 123.088358 568.999082 127.254232 5.974436 0.125000 0.066781 
794.329185 362.536477 789.067850 374.120931 10.034433 0.125000 9.647646 
752.173374 365.798054 761.515143 349.691298 5.687633 0.125000 24.662621 
766.020755 215.584717 757.322280 212.916728 4.780201 0.125000 1.504293 
395.880213 343.786971 378.192765 345.214580 6.330305 0.125000 16.051958 
776.828703 65.018028 790.597327 66.009352 6.323629 0.125000 9.344283 
61.916018 356.003045 44.351543 357.908803 3.188782 0.125000 2.906727 
473.638072 157.519976 483.154558 165.590144 2.715174 0.125000 0.427249 
668.143245 163.107348 649.378852 163.385160 2.740285 0.125000 5.300038 
400.621878 65.667948 413.146565 66.578319 3.649514 0.125000 2.325698 
378.904885 253.773476 371.653371 259.440825 3.653981 0.125000 0.427249 
444.990522 7.848379 433.001502 15.429702 4.117214 0.125000 2.125690 
806.516932 312.145980 790.330202 365.424732 11.173145 0.125000 191.188409 
599.072374 86.286449 581.165009 95.494199 6.224501 0.125000 16.889632 
692.698173 476.824700 706.443386 453.071930 6.546359 0.125000 38.418843 
238.169276 414.875398 229.267762 415.663018 2.710614 0.125000 0.800995 
367.648295 92.991627 369.778038 105.339896 5.352161 0.125000 1.116430 
749.437453 252.552296 761.925262 253.914092 3.185863 0.125000 0.532096 
140.279847 260.368914 151.305179 266.992866 6.001199 0.125000 7.540906 
162.640395 173.299472 156.202252 155.417173 6.303922 0.125000 0.683589 
733.112742 294.181578 750.621638 293.071945 1.879982 0.125000 0.427249 
593.592867 74.363281 603.418590 71.303615 6.789211 0.125000 6.765871 
518.672789 32.680587 532.219289 37.060049 4.337203 0.125000 2.125690 
581.867204 101.861828 594.789574 94.213492 4.105179 0.125000 4.719282 
384.762803 66.972243 392.353483 64.787268 4.113356 0.125000 2.243093 
568.757716 16.839787 568.137408 5.693876 3.883125 0.125000 0.072464 
75.977768 331.050923 89.859436 336.993343 3.120791 0.125000 1.091650 
771.891210 31.136051 790.661974 30.540652 3.946262 0.125000 5.466186 
19.285770 109.518173 31.655416 117.227330 4.381592 0.125000 0.794780 
632.754684 218.612106 620.543169 216.008860 4.368881 0.125000 2.115711 
824.382448 12.793287 813.110064 12.540182 3.945474 0.125000 3.977203 
619.542294 214.319227 611.541197 190.319555 4.743882 0.125000 25.313311 
553.138840 24.656443 559.895575 16.032881 5.477666 0.125000 0.165410 
363.423786 348.557621 376.762272 353.433386 3.092913 0.125000 4.677247 
790.167395 373.018503 770.538691 433.903154 16.655820 0.125000 278.450033 
300.340768 169.867210 305.281390 176.163800 3.933624 0.125000 0.394779 
408.238337 290.105279 419.638041 282.257074 10.430533 0.125000 12.399337 
444.390516 191.577242 458.103282 192.291787 5.188366 0.125000 0.723404 
465.743942 118.639406 472.356164 130.944768 4.568889 0.125000 0.066781 
159.264587 260.966562 147.615573 257.200909 4.757599 0.125000 3.143240 
510.441735 225.062539 498.148769 221.785829 5.797159 0.125000 1.056333 
726.427598 176.406944 737.100289 181.392742 5.588189 0.125000 6.308179 
620.640403 453.054881 633.088881 455.789426 3.662671 0.125000 3.150071 
44.613402 130.041376 56.046475 136.076555 5.527194 0.125000 1.056333 
299.357935 271.988081 311.948472 273.888147 4.570962 0.125000 11.510315 
761.515955 347.840218 772.003281 338.159783 8.266607 0.125000 4.595272 
776.790876 258.387266 791.999936 257.091937 5.724498 0.125000 8.856771 
739.311196 188.235693 732.755267 193.950877 4.040897 0.125000 1.256768 
34.674869 113.283321 19.730424 103.200975 4.794335 0.125000 13.531893 
83.217683 251.688506 94.730336 257.410002 3.921236 0.125000 1.328449 
564.574789 51.509499 554.770986 46.150570 3.787784 0.125000 1.504293 
647.876762 169.294033 660.632455 166.914971 4.373986 0.125000 3.143240 
419.709353 69.194577 424.211887 77.538495 3.474502 0.125000 0.394779 
624.438066 95.527248 639.585010 105.299484 3.761007 0.125000 3.170011 
136.864237 326.891490 127.867646 321.019283 2.820553 0.125000 3.510265 
529.362373 98.778738 553.151786 99.238238 3.821720 0.125000 13.757115 
251.906976 100.086100 229.264187 98.742589 4.335725 0.125000 15.264439 
615.262603 176.075191 605.383266 168.122472 7.409932 0.125000 4.134428 
310.783925 16.233719 295.213498 20.298848 3.944144 0.125000 5.741116 
495.939120 99.154700 478.979461 104.328403 5.410468 0.125000 13.992686 
78.098756 214.311168 87.342019 210.510922 2.899095 0.125000 0.480070 
208.817675 79.618753 205.261307 71.487362 3.311655 0.125000 0.480070 
577.365185 149.093384 582.447750 153.081277 6.808322 0.125000 0.072464 
786.860409 48.597871 764.343278 47.903088 4.133729 0.125000 0.724165 
90.407548 424.658554 75.591517 430.154500 8.902983 0.125000 52.857399 
712.995895 231.065019 693.111935 229.546027 14.186121 0.125000 34.030937 
570.548317 178.073594 583.225265 177.326631 3.667817 0.125000 0.299015 
774.503011 4.396166 759.404370 5.916650 2.979654 0.125000 3.977203 
326.648007 2.867743 337.882289 5.436487 3.277832 0.125000 0.532096 
334.315507 230.091935 346.884928 229.672551 3.247965 0.125000 3.126113 
727.775098 197.301128 723.475630 206.382776 8.383319 0.125000 5.408638 
742.321806 413.974026 749.563107 399.468908 2.798557 0.125000 3.150071 
792.274959 256.010066 809.912497 251.554517 10.295044 0.125000 14.057479 
770.529230 433.697537 761.897406 468.765145 22.146631 0.125000 190.232902 
796.484786 115.153269 801.620885 124.514423 3.500975 0.125000 5.780202 
553.165158 51.753826 563.295332 55.111033 5.132521 0.125000 1.081180 
318.248286 68.613606 308.253793 71.135433 4.247674 0.125000 0.072464 
570.469379 118.754532 554.281586 114.752886 3.340447 0.125000 5.763431 
440.778983 180.076232 454.428954 181.244735 5.514860 0.125000 2.489504 
641.845899 145.802499 621.770697 142.511194 3.073772 0.125000 4.429846 
301.499106 54.598573 288.862741 59.226209 4.033636 0.125000 2.115711 
265.473811 12.066880 277.883575 21.844978 3.302349 0.125000 0.545202 
727.748788 224.711724 719.881236 229.044281 3.665833 0.125000 0.394779 
312.027898 48.562974 303.061521 51.693165 3.184295 0.125000 1.361046 
304.360321 2.678927 318.128555 2.930326 3.772195 0.062500 0.419484 
436.720832 230.201370 451.975086 224.650020 2.916956 0.125000 0.299015 
187.644236 243.857532 176.914157 236.815337 2.808416 0.125000 4.894738 
752.577071 377.901672 743.288233 400.691532 5.617678 0.125000 24.010470 
621.786983 187.161115 638.037277 192.160161 4.411444 0.125000 7.014217 
709.384300 460.630705 700.305276 475.428841 2.300774 0.125000 4.721790 
75.595430 238.200153 87.697406 242.961762 4.195137 0.125000 3.701260 
285.575471 191.938162 272.979277 182.060835 2.950932 0.125000 7.334944 
254.210113 117.875266 255.324034 128.290872 5.237501 0.125000 2.619404 
556.627699 261.245615 553.867153 254.585497 4.618948 0.125000 0.394779 
634.370284 194.127368 644.366658 193.936989 5.118102 0.125000 3.977203 
