227.194739 0.298143 337.891809 531.923556 5.476327 0.125000 826.107530 
292.756028 294.189246 277.787983 223.196056 3.875406 0.125000 100.500021 
343.060520 532.152686 300.945457 332.793238 4.425889 0.125000 340.178687 
259.103509 136.656318 228.734574 0.768125 3.964707 0.125000 138.457043 
299.332834 84.390825 467.382020 532.153847 5.926669 0.125000 777.577761 
265.511794 0.180645 298.382660 84.274285 3.757981 0.125000 124.196811 
291.248356 58.370892 268.527270 0.467152 3.240443 0.062500 100.993750 
633.484669 339.090199 493.145319 161.858911 4.660056 0.125000 312.951939 
360.502825 -0.267022 781.574222 532.112892 5.290094 0.125000 966.532360 
577.484689 396.032528 498.932588 272.611007 4.703366 0.125000 195.753716 
748.942855 483.725233 634.304395 339.431094 5.388932 0.125000 312.194306 
498.868645 272.194356 451.154459 196.541073 4.584096 0.062500 112.249389 
642.507656 500.227154 577.333367 396.586756 5.050718 0.125000 161.835096 
323.597033 -0.455793 658.174530 532.628446 5.494501 0.125000 844.839648 
492.943271 161.010649 363.154162 0.601405 4.426701 0.125000 226.255937 
426.816871 157.358231 325.879837 0.461055 3.917617 0.125000 198.064759 
91.518121 76.778426 51.197405 225.779896 3.948159 0.125000 228.335220 
144.721643 95.546801 130.960826 254.512277 5.077954 0.125000 253.343686 
456.101557 0.049023 599.145706 118.402130 3.846828 0.125000 214.833462 
154.296190 0.617167 144.836016 95.795066 3.315532 0.125000 109.865363 
786.875382 532.848117 749.087073 484.322631 5.044515 0.125000 139.096833 
51.986265 226.313395 -0.172374 424.164792 5.580921 0.125000 273.776705 
600.163469 118.377739 798.481115 275.174584 3.468346 0.125000 339.098116 
570.107286 91.493901 460.855118 0.349166 4.210901 0.125000 133.112738 
58.314915 214.754693 87.158660 105.370185 4.660656 0.125000 130.772232 
474.875921 50.069166 706.366358 258.689403 3.955903 0.125000 340.570458 
127.441363 360.757816 132.754405 288.097901 6.144687 0.125000 101.945453 
590.892685 151.580307 476.309036 47.498067 3.586164 0.125000 167.828321 
131.313747 255.575681 110.085103 497.157083 6.267585 0.125000 449.087491 
701.973403 195.500542 621.731151 132.056938 3.194712 0.062500 103.443821 
715.211576 262.338758 605.490351 164.526042 3.363539 0.125000 151.636018 
437.825475 13.390490 474.724039 49.013462 2.915494 0.015625 116.385577 
544.220697 0.873491 734.004302 118.721973 3.793370 0.125000 213.156576 
112.255049 0.388949 91.757236 75.932220 3.207256 0.062500 100.234444 
798.487204 271.412124 705.929894 198.985363 3.379204 0.125000 142.878667 
751.359966 126.455825 548.194832 0.512351 3.297960 0.125000 223.041580 
617.528354 73.387719 715.542056 138.250337 3.050686 0.125000 136.119287 
629.971473 79.078005 515.606600 0.651832 3.153141 0.125000 138.612848 
510.957783 0.142891 616.814742 73.212297 3.104375 0.125000 138.061338 
658.053350 8.125612 705.826232 10.862631 4.969238 0.062500 100.738535 
707.330559 258.857503 799.037613 339.588308 3.311113 0.125000 153.824018 
